     0/299     5.66G    0.1026   0.02351    0.0283    0.1544         4       640    0.0373   0.02261   0.00715  0.002099    0.1036   0.01897   0.02348
     1/299     7.35G   0.09772   0.02559   0.02738    0.1507        32       640   0.04285   0.03448   0.02004  0.003742   0.09572   0.01949   0.02282
     2/299     7.35G   0.09423   0.02527   0.02652     0.146        10       640   0.03371   0.09195   0.02505  0.004023   0.09116   0.01962   0.02188
     3/299     7.35G   0.09019   0.02699   0.02562    0.1428        25       640   0.04241   0.09195   0.02046  0.005821   0.08881   0.01951   0.02092
     4/299     7.35G   0.08779   0.02746   0.02477      0.14        12       640    0.7464   0.08046   0.05373   0.01435   0.08613   0.01935   0.02014
     5/299     7.35G   0.08418   0.02858   0.02356    0.1363        40       640    0.8145    0.1149   0.08615   0.01972   0.08416   0.01893   0.01919
     6/299     7.35G   0.08116   0.02698   0.02248    0.1306         5       640    0.4333    0.1494    0.1228   0.04167   0.07895   0.01835   0.01856
     7/299     7.35G   0.07933   0.02687   0.02092    0.1271         8       640    0.6926    0.2402     0.152   0.05189   0.07826   0.01811     0.018
     8/299     7.35G   0.07702   0.02711   0.02049    0.1246        14       640    0.4479    0.3077    0.1483   0.04272   0.07217   0.01813   0.01765
     9/299     7.35G   0.07437   0.02725   0.02007    0.1217        20       640    0.5952    0.2398    0.1723   0.05952   0.07352   0.01796    0.0171
    10/299     7.35G   0.07254   0.02727   0.01915     0.119        18       640    0.6067    0.1785    0.1423   0.05734   0.07489   0.01725   0.01664
    11/299     7.35G   0.07023   0.02582   0.01842    0.1145        24       640    0.5455    0.3632    0.2527    0.1045   0.06644    0.0161   0.01555
    12/299     7.35G   0.06908   0.02702   0.01821    0.1143        15       640    0.6801    0.2958    0.2746    0.1101   0.06572   0.01603   0.01509
    13/299     7.35G   0.06896   0.02635   0.01687    0.1122        18       640    0.6957    0.2402    0.2948    0.1092   0.06511   0.01534    0.0145
    14/299     7.35G   0.06895    0.0261   0.01669    0.1117         7       640    0.7362    0.3628    0.4048    0.1533   0.06365   0.01492   0.01405
    15/299     7.35G    0.0655    0.0266   0.01553    0.1076        14       640    0.6454    0.4299    0.4048    0.1364   0.06221   0.01487   0.01371
    16/299     7.35G    0.0629   0.02475   0.01416    0.1018         1       640    0.7581    0.3287    0.3553    0.1364   0.06021   0.01465    0.0133
    17/299     7.35G   0.06525   0.02658   0.01421     0.106        37       640     0.672    0.4049    0.4022    0.1454   0.06011   0.01442   0.01267
    18/299     7.35G   0.06355   0.02453   0.01363    0.1017         6       640    0.7356    0.3853    0.3833    0.1391   0.06209   0.01377   0.01253
    19/299     7.35G   0.06602   0.02367   0.01263    0.1023         4       640    0.7279    0.4514    0.4042    0.1173   0.06759     0.014   0.01254
    20/299     7.35G   0.06568   0.02406   0.01297    0.1027         5       640    0.3796    0.5661    0.3992    0.1448   0.06634   0.01357   0.01224
    21/299     7.35G   0.06325   0.02433   0.01191   0.09948        21       640    0.7012    0.4281    0.4456    0.1742    0.0648   0.01355   0.01208
    22/299     7.35G   0.06278   0.02382   0.01139   0.09799        13       640    0.7956    0.4851    0.4976     0.198    0.0636   0.01302   0.01226
    23/299     7.35G    0.0611   0.02217   0.01081   0.09408         7       640    0.8315    0.3847    0.4434     0.184   0.05569   0.01414    0.0124
    24/299     7.35G   0.06046   0.02394   0.01008   0.09448        14       640    0.6898    0.3833    0.3761    0.1486   0.06053   0.01328   0.01158
    25/299     7.35G    0.0623   0.02445   0.01013   0.09688        20       640    0.7325    0.3843    0.4387    0.1565   0.06245    0.0135    0.0115
    26/299     7.35G   0.06155   0.02342  0.009829   0.09481        12       640     0.757    0.4514    0.4612    0.2079   0.05769   0.01345    0.0109
    27/299     7.35G   0.05755   0.02409  0.009147   0.09079        25       640    0.8075     0.464    0.4704    0.1987     0.054   0.01359   0.01121
    28/299     7.35G   0.05866   0.02291  0.008893   0.09046        18       640    0.9128    0.4285    0.5162    0.2086   0.05677   0.01208   0.01092
    29/299     7.35G   0.06031   0.02302   0.00914   0.09247        30       640    0.7498    0.3962     0.431     0.173   0.05749   0.01274   0.01147
    30/299     7.35G   0.05522   0.02169  0.008065   0.08497         7       640    0.3549    0.5563    0.4345    0.1511   0.05615   0.01265   0.01169
    31/299     7.35G    0.0568   0.02158  0.007818    0.0862         6       640    0.3905    0.4294    0.3804    0.1241   0.05878   0.01328   0.01182
    32/299     7.35G    0.0565   0.02052  0.007586   0.08461        19       640    0.4105    0.4986    0.4584    0.1835   0.05769   0.01279   0.01176
    33/299     7.35G   0.05488    0.0203  0.007763   0.08294         5       640    0.4156    0.5207    0.4336    0.1757   0.05743   0.01291   0.01128
    34/299     7.35G   0.05862   0.02058  0.007377   0.08657        20       640    0.4403    0.4299    0.4419     0.198   0.06232   0.01233   0.01127
    35/299     7.35G   0.06155   0.01983  0.007628   0.08901         3       640    0.4152    0.4414    0.4253    0.1663   0.05951   0.01332   0.01043
    36/299     7.35G   0.05549    0.0215  0.007873   0.08486        14       640    0.4277    0.4989    0.4296    0.1843   0.05609   0.01342   0.01071
    37/299     7.35G   0.05614   0.02245  0.007603    0.0862        18       640     0.445    0.5632    0.4599    0.1657   0.05747   0.01349   0.01144
    38/299     7.35G   0.05141   0.02094  0.006293   0.07864         5       640    0.6266    0.5448    0.5124    0.2034   0.05388   0.01406   0.01107
    39/299     7.35G   0.04844   0.02154  0.005813    0.0758         9       640    0.5322    0.5141    0.4713    0.1743   0.05403   0.01355    0.0108
    40/299     7.35G   0.05293   0.02114  0.005846   0.07992        22       640      0.45    0.5274     0.424    0.1744   0.05707   0.01319   0.01133
    41/299     7.35G   0.05058   0.02148  0.005405   0.07746        15       640    0.8289    0.4299    0.4498    0.1926    0.0528   0.01362   0.01176
    42/299     7.35G   0.04636   0.01998  0.005309   0.07165         4       640    0.5641    0.5139    0.4907    0.2069   0.05188   0.01363   0.01238
    43/299     7.35G   0.04922   0.02048  0.005037   0.07474        17       640    0.6796    0.3971     0.459    0.1856   0.05325   0.01354   0.01176
    44/299     7.35G   0.04627   0.02079   0.00477   0.07183         7       640    0.5278     0.481    0.4667    0.1758   0.05249   0.01423   0.01172
    45/299     7.35G   0.04535   0.01969  0.004695   0.06974        12       640    0.5104    0.5156    0.4494    0.1818   0.05272   0.01443   0.01213
    46/299     7.35G    0.0458   0.02085  0.004635   0.07128        27       640    0.4837    0.5865    0.4931    0.2202   0.05552   0.01377   0.01267
    47/299     7.35G   0.04339   0.02004  0.004716   0.06815         7       640    0.4585    0.5732    0.4607    0.2132     0.054   0.01431   0.01259
    48/299     7.35G   0.04425    0.0208  0.004903   0.06996        18       640    0.6696    0.5362    0.5281    0.2136   0.05126   0.01389   0.01207
    49/299     7.35G    0.0423   0.01989  0.004515   0.06671        12       640    0.4772    0.5529    0.4768    0.1755   0.05372    0.0137   0.01219
    50/299     7.35G   0.04511   0.01854  0.004397   0.06804        13       640    0.5882    0.5126    0.5263    0.2247   0.05175   0.01423   0.01169
    51/299     7.35G   0.04228   0.02079  0.004303   0.06737        16       640    0.4837     0.487    0.4772    0.2048   0.05317   0.01396   0.01244
    52/299     7.35G   0.04362   0.02101  0.004668    0.0693        26       640    0.4775    0.5149    0.4396    0.1616   0.05749   0.01493   0.01346
    53/299     7.35G    0.0426    0.0187  0.004307   0.06561         7       640    0.5568    0.4427    0.4399    0.1802   0.05409   0.01429   0.01164
    54/299     7.35G   0.04194   0.01967  0.004491   0.06611        23       640    0.4903    0.5985    0.4861    0.1796   0.05373   0.01397   0.01292
    55/299     7.35G   0.04027    0.0203  0.004204   0.06477         9       640    0.4888    0.5371    0.4386     0.211   0.05096    0.0137   0.01342
    56/299     7.35G   0.04296   0.01855  0.003998    0.0655        11       640    0.5948    0.5631    0.5332    0.2075    0.0538   0.01423   0.01323
    57/299     7.35G   0.04252   0.01891  0.003718   0.06515        12       640    0.5033    0.4894    0.4698    0.2027   0.05212   0.01405     0.013
    58/299     7.35G   0.04206   0.01961  0.003909   0.06558        11       640     0.545    0.5247    0.5075    0.2278   0.05072   0.01427   0.01177
    59/299     7.35G   0.03799   0.01905  0.003586   0.06062         9       640    0.4677    0.5602    0.5076    0.2195   0.04952   0.01418   0.01292
    60/299     7.35G   0.03848   0.01876   0.00416    0.0614         5       640    0.5152    0.5004    0.4989     0.229   0.04865   0.01429   0.01285
    61/299     7.35G   0.03849   0.01791  0.003502    0.0599         7       640    0.6137    0.5317    0.5355    0.2541   0.04836   0.01437   0.01264
    62/299     7.35G   0.03689   0.01778  0.002898   0.05757        20       640    0.4986    0.5038    0.4573    0.2004   0.05174   0.01551   0.01334
    63/299     7.35G   0.03814   0.01802   0.00332   0.05948        13       640    0.5242    0.5182    0.4732    0.2268   0.05088   0.01484   0.01326
    64/299     7.35G   0.04071   0.01863  0.003875   0.06321        29       640    0.5314    0.4678    0.4725    0.2065    0.0513   0.01447   0.01368
    65/299     7.35G   0.03722   0.01815  0.003146   0.05852        14       640    0.4983     0.544    0.4923    0.2203   0.05103   0.01465   0.01215
    66/299     7.35G   0.03672   0.01829  0.003089    0.0581        17       640    0.6325    0.4575    0.5007    0.2256   0.04959   0.01475   0.01303
    67/299     7.35G   0.03818   0.01832  0.003043   0.05954        10       640    0.4813    0.5118    0.4835    0.2142   0.04947   0.01489   0.01306
    68/299     7.35G   0.03844   0.01804   0.00379   0.06027         5       640    0.6085    0.4938    0.4791    0.1951   0.05186   0.01497   0.01383
    69/299     7.35G   0.03999    0.0174  0.003556   0.06094        22       640     0.651    0.4697    0.4975    0.1969   0.05066   0.01541   0.01337
    70/299     7.35G   0.03652   0.01766  0.003339   0.05751        22       640    0.5217    0.5901    0.5291    0.2201    0.0502   0.01413    0.0127
    71/299     7.35G   0.03673   0.01882  0.003607   0.05916        18       640     0.571    0.6083    0.5605     0.238   0.04832   0.01422    0.0129
    72/299     7.35G   0.03455   0.01811  0.002951    0.0556        14       640    0.6498    0.5524    0.5479    0.2474    0.0492   0.01479   0.01298
    73/299     7.35G   0.03598   0.01871  0.002933   0.05763        14       640    0.5591    0.5032      0.51    0.2317   0.04926   0.01523   0.01322
    74/299     7.35G    0.0372   0.01777  0.002938   0.05791        24       640    0.4928    0.5375    0.4604    0.1934   0.05009   0.01503   0.01265
    75/299     7.35G   0.03525   0.01694  0.003024   0.05521        11       640    0.5041    0.4841    0.4265     0.173   0.04989   0.01505    0.0133
    76/299     7.35G    0.0349   0.01903  0.003326   0.05726        27       640     0.628    0.4447    0.4673    0.1909   0.04985   0.01513   0.01384
    77/299     7.35G   0.03417    0.0179  0.003278   0.05534        12       640    0.5967    0.3998    0.4155    0.1802   0.05141   0.01467   0.01337
    78/299     7.35G   0.03577   0.01893  0.003373   0.05807        18       640    0.5169    0.5035    0.5142    0.2171   0.04873   0.01489   0.01371
    79/299     7.35G   0.03408   0.01852  0.003251   0.05585         5       640     0.515    0.5296    0.5205    0.2218   0.04862    0.0144   0.01362
    80/299     7.35G    0.0348   0.01777  0.002696   0.05527        10       640     0.573    0.4336    0.4409    0.1969    0.0502   0.01493   0.01307
    81/299     7.35G   0.03701   0.01849   0.00292   0.05842         7       640    0.5402    0.4774    0.4397    0.1943   0.04854   0.01561    0.0143
    82/299     7.35G   0.03524   0.01945  0.003491   0.05818        14       640    0.5762    0.5528    0.5252    0.2227   0.04781   0.01438   0.01376
    83/299     7.35G   0.03713   0.01913  0.003155   0.05941        18       640    0.5755    0.5027    0.4893     0.219   0.04877   0.01409   0.01426
    84/299     7.35G   0.03358   0.01887  0.003309   0.05576        29       640    0.5563    0.5152    0.4823    0.1961   0.04798   0.01416   0.01476
    85/299     7.35G   0.03312   0.01828  0.002574   0.05398        10       640    0.4883    0.5507     0.507    0.2072   0.04893   0.01495   0.01449
    86/299     7.35G   0.03328   0.01642  0.003115   0.05281        19       640    0.5992    0.4913    0.5281    0.2225   0.04835   0.01553   0.01538
    87/299     7.35G   0.03298   0.01832  0.002619   0.05393        11       640    0.5774    0.5235    0.5334    0.2316   0.04812   0.01547   0.01544
    88/299     7.35G   0.03628   0.01822   0.00266   0.05716        29       640    0.6172    0.5515     0.539    0.2245   0.04915   0.01559   0.01514
    89/299     7.35G   0.03309   0.01628  0.002861   0.05223         8       640    0.6231    0.5281     0.527    0.2099   0.04855   0.01531   0.01469
    90/299     7.35G   0.03225   0.01813  0.003157   0.05353        15       640    0.6333    0.5005     0.524    0.1973    0.0503   0.01618   0.01496
    91/299     7.35G    0.0326    0.0173  0.002821   0.05272        10       640    0.7079    0.5277    0.5359    0.2073   0.04775   0.01569   0.01417
    92/299     7.35G   0.03128   0.01712  0.002601     0.051        21       640    0.5904    0.5436    0.5189    0.2063   0.04836   0.01502   0.01371
    93/299     7.35G   0.03219   0.01621  0.002889   0.05129         6       640    0.5136    0.4782    0.4291    0.1882    0.0494   0.01611   0.01399
    94/299     7.35G   0.03144   0.01857  0.002604   0.05261        29       640    0.5727    0.5307    0.4513     0.174   0.04881   0.01606   0.01419
    95/299     7.35G   0.03206    0.0191  0.002708   0.05387         9       640       0.6    0.5422    0.4766    0.2025   0.04889     0.016   0.01406
    96/299     7.35G   0.03298   0.01819  0.002964   0.05412        19       640    0.5116    0.5533    0.4843     0.203   0.05117   0.01662   0.01311
    97/299     7.35G   0.03094   0.01759  0.002465   0.05099         6       640    0.5764     0.451    0.4607    0.1993     0.049   0.01604   0.01292
    98/299     7.35G   0.03219   0.01718  0.002825   0.05219        13       640    0.7316    0.4475    0.4954    0.1978   0.05034    0.0154    0.0136
    99/299     7.35G   0.03331   0.01729  0.002323   0.05292         4       640    0.5459    0.5158    0.4899    0.1961   0.04976   0.01525   0.01335
   100/299     7.35G   0.03024   0.01703  0.002924   0.05019        12       640    0.6415     0.616    0.5589    0.2165   0.04902   0.01558   0.01299
   101/299     7.35G   0.03149   0.01768   0.00254    0.0517        35       640    0.5832    0.5533    0.5351    0.2025   0.05016   0.01652   0.01253
   102/299     7.35G   0.03207   0.01681   0.00279   0.05167        30       640    0.5074    0.4918    0.4583    0.1863   0.05037    0.0164   0.01264
   103/299     7.35G   0.03072   0.01659  0.002593    0.0499        29       640    0.6786    0.4831    0.4808      0.21   0.04978   0.01704   0.01211
   104/299     7.35G   0.03002   0.01722  0.002385   0.04963        38       640     0.725    0.4757    0.4872    0.2152    0.0497   0.01749   0.01245
   105/299     7.35G   0.02927   0.01606   0.00214   0.04747        37       640    0.6054    0.4914    0.4851    0.2037   0.04889   0.01713   0.01289
   106/299     7.35G   0.03006   0.01723  0.002353   0.04965        32       640    0.5774    0.5503    0.5224    0.2123   0.05077   0.01737   0.01354
   107/299     7.35G   0.03031   0.01793  0.002347   0.05059        24       640    0.6398     0.575    0.5353    0.2159   0.04999   0.01696   0.01371
   108/299     7.35G   0.02952    0.0163  0.002975   0.04878        14       640    0.5171    0.5746    0.5134    0.2059   0.04934    0.0173   0.01401
   109/299     7.35G     0.029   0.01635  0.002143   0.04749        15       640    0.5808    0.6003    0.5152    0.2113   0.04937   0.01704   0.01452
   110/299     7.35G   0.02995    0.0171  0.002604   0.04966        27       640    0.6333    0.5878    0.5359    0.2255   0.04973   0.01675   0.01311
   111/299     7.35G    0.0286   0.01604  0.001974   0.04662        29       640    0.5554    0.5149    0.4843    0.2058   0.04991     0.017   0.01291
   112/299     7.35G   0.02948   0.01737  0.002227   0.04907        10       640    0.6828    0.4833    0.4922    0.2109   0.05137   0.01742   0.01358
   113/299     7.35G   0.02899   0.01659  0.002226    0.0478        11       640    0.6883    0.4893    0.4963    0.2091   0.05127   0.01688   0.01353
   114/299     7.35G   0.02806   0.01508  0.002279   0.04542         9       640    0.6416    0.5639     0.517    0.2061   0.05075   0.01725   0.01324
   115/299     7.35G    0.0286   0.01526  0.002177   0.04603        10       640    0.6931    0.5178    0.4947    0.1925   0.04911   0.01743   0.01286
   116/299     7.35G   0.02782    0.0162   0.00239    0.0464        14       640    0.5589    0.5306    0.4733    0.1942   0.04781   0.01756   0.01426
   117/299     7.35G   0.02866   0.01569  0.002036   0.04639        34       640    0.5738    0.4964    0.4722    0.1921   0.04795   0.01763   0.01417
   118/299     7.35G   0.02766   0.01471  0.002172   0.04454         5       640    0.5814    0.5081     0.467    0.1887   0.04864   0.01784   0.01293
   119/299     7.35G   0.02668   0.01468  0.002105   0.04347        18       640    0.6127    0.5419    0.5141    0.2164   0.04836   0.01734   0.01282
   120/299     7.35G   0.02888   0.01506  0.002225   0.04617        16       640    0.6531    0.5076    0.4819     0.202   0.05013   0.01755   0.01286
   121/299     7.35G   0.02636   0.01461  0.002036     0.043         9       640    0.6375    0.4591    0.4737    0.2054   0.04846   0.01779   0.01402
   122/299     7.35G   0.02745    0.0153  0.002184   0.04493        11       640    0.6185     0.519    0.5052    0.2166   0.04855   0.01746   0.01439
   123/299     7.35G   0.02594    0.0143  0.001737   0.04198         9       640    0.6284    0.5432    0.5364    0.2264    0.0474   0.01688   0.01575
   124/299     7.35G   0.02564   0.01447  0.001901   0.04201        24       640    0.6487     0.544    0.5187     0.228    0.0474   0.01739   0.01382
   125/299     7.35G   0.02779   0.01541  0.001871   0.04507        22       640    0.5644    0.5422    0.5026    0.2261   0.04741   0.01784   0.01469
   126/299     7.35G   0.02727   0.01636  0.002119   0.04575        12       640    0.5495    0.5454    0.4901    0.2156   0.04797   0.01727   0.01424
   127/299     7.35G   0.02737   0.01598  0.001897   0.04525         7       640    0.5853    0.5648    0.5292    0.2083   0.04741   0.01763   0.01494
   128/299     7.35G   0.02853   0.01436  0.001991   0.04489        19       640    0.6121    0.4957    0.4761    0.1992   0.04921   0.01688    0.0136
   129/299     7.35G   0.02589    0.0162  0.001896   0.04399        22       640    0.6245     0.575     0.544      0.21   0.04739   0.01622   0.01395
   130/299     7.35G   0.02542    0.0154  0.001882    0.0427         7       640     0.574    0.5727     0.517    0.2163   0.04713   0.01632   0.01419
   131/299     7.35G   0.02607   0.01373  0.001871   0.04166        25       640    0.5601    0.5336    0.5205    0.2076   0.04672   0.01707   0.01419
   132/299     7.35G   0.02556   0.01481   0.00194   0.04231        17       640    0.5203    0.5744    0.5082    0.2213   0.04797   0.01816   0.01363
   133/299     7.35G   0.02557   0.01516  0.002021   0.04275        11       640    0.6959    0.4918    0.5468    0.2533   0.04609    0.0167   0.01262
   134/299     7.35G   0.02475   0.01531  0.002248    0.0423        13       640    0.6481    0.5047    0.5293     0.241   0.04642   0.01631   0.01287
   135/299     7.35G   0.02456   0.01536  0.001873   0.04179        15       640    0.5669    0.6129    0.5204    0.2431   0.04645   0.01681   0.01286
   136/299     7.35G   0.02687   0.01503  0.001682   0.04359        35       640    0.5419    0.5891    0.5013    0.2418   0.04679   0.01737   0.01301
   137/299     7.35G   0.02579   0.01354   0.00165   0.04098         5       640    0.6017     0.578    0.5342     0.249   0.04648   0.01749   0.01359
   138/299     7.35G   0.02633   0.01413  0.002014   0.04248         3       640    0.5801    0.5289    0.4795     0.216   0.04784   0.01779   0.01467
   139/299     7.35G   0.02689   0.01364  0.002059    0.0426         7       640     0.548     0.529     0.442    0.1901    0.0484   0.01761   0.01548
   140/299     7.35G   0.02536   0.01601  0.001642   0.04301        12       640    0.4889    0.5784    0.4702    0.1863   0.04754   0.01786   0.01448
   141/299     7.35G    0.0264   0.01534  0.001961    0.0437        17       640    0.5595    0.5513    0.4807    0.1944   0.04818   0.01861   0.01424
   142/299     7.35G   0.02496    0.0161  0.001847    0.0429        16       640    0.5495    0.5564    0.4726    0.2219   0.04692   0.01758   0.01421
   143/299     7.35G   0.02518   0.01522  0.001704   0.04211        12       640    0.5365     0.564      0.48    0.2142   0.04806   0.01742   0.01421
   144/299     7.35G   0.02483   0.01439  0.001527   0.04074        17       640    0.5507    0.5669    0.4903    0.2169   0.04885   0.01779   0.01407
   145/299     7.35G   0.02481   0.01456  0.001745   0.04112        11       640    0.5604    0.5665    0.4924    0.2097   0.04914   0.01818   0.01376
   146/299     7.35G   0.02358    0.0161  0.001647   0.04132        21       640    0.5635    0.5166    0.4421    0.1873   0.04873   0.01739   0.01453
   147/299     7.35G   0.02524   0.01412  0.001682   0.04105        16       640    0.5844     0.537    0.4876    0.1772   0.05006   0.01729   0.01462
   148/299     7.35G   0.02431    0.0151  0.001985    0.0414        21       640    0.5834    0.5397    0.4433    0.1795   0.04955   0.01697   0.01451
   149/299     7.35G   0.02348   0.01377  0.001324   0.03857        24       640    0.5985     0.552    0.4767    0.2021   0.04733   0.01746   0.01499
   150/299     7.35G   0.02461    0.0145  0.001711   0.04082        11       640     0.582    0.5648    0.5018    0.2137    0.0475   0.01781   0.01415
   151/299     7.35G   0.02405   0.01481  0.001718   0.04058        16       640    0.6047    0.5492     0.502    0.2068   0.04898   0.01784    0.0142
   152/299     7.35G   0.02504    0.0157  0.001903   0.04264        28       640     0.574    0.6019    0.4891    0.2098   0.04869   0.01808   0.01466
   153/299     7.35G   0.02329   0.01419  0.001674   0.03916        16       640    0.6005    0.5537    0.4926    0.2129   0.04933   0.01838    0.0142
   154/299     7.35G   0.02467    0.0154  0.001856   0.04192        26       640     0.589     0.513    0.4861    0.2193   0.04913   0.01818   0.01398
   155/299     7.35G   0.02323   0.01326  0.001442   0.03794        31       640    0.5572    0.5298    0.4924    0.2254      0.05   0.01819   0.01383
   156/299     7.35G   0.02259   0.01301  0.001606    0.0372        10       640    0.6056    0.5396    0.4884    0.2113   0.05004   0.01824    0.0135
   157/299     7.35G   0.02384   0.01415  0.001677   0.03967        19       640    0.5873    0.5405     0.504    0.2098   0.04898   0.01782   0.01372
   158/299     7.35G   0.02342   0.01353  0.001557   0.03851        10       640    0.5582     0.532     0.487    0.2134   0.04839   0.01767   0.01375
   159/299     7.35G   0.02293   0.01378  0.001635   0.03835        13       640    0.5457      0.48    0.4297    0.2013    0.0489   0.01824    0.0135
   160/299     7.35G   0.02468   0.01352  0.001617   0.03982        27       640    0.5174    0.5293    0.4274    0.1842   0.04962   0.01872   0.01307
   161/299     7.35G   0.02405   0.01468   0.00173   0.04046        18       640     0.536    0.5523    0.4625    0.2114   0.04875   0.01861   0.01227
   162/299     7.35G    0.0241   0.01384  0.001927   0.03987        12       640    0.5743    0.5608    0.5003    0.2193   0.04871   0.01821   0.01271
   163/299     7.35G   0.02403    0.0143   0.00182   0.04015        10       640    0.5433    0.5281    0.4866    0.2048   0.04778   0.01875   0.01288
   164/299     7.35G    0.0235   0.01562  0.001928   0.04105        37       640    0.5724    0.5523    0.5062    0.2028   0.04929    0.0188   0.01311
   165/299     7.35G   0.02284   0.01337  0.001985    0.0382        20       640    0.5402    0.5293    0.4506    0.1929   0.04997   0.01864   0.01294
   166/299     7.35G   0.02256   0.01369  0.001677   0.03793        19       640    0.5788    0.5058    0.4798    0.2144   0.04959   0.01857   0.01333
   167/299     7.35G   0.02334   0.01447  0.002134   0.03994        18       640    0.5678    0.5062    0.4561    0.2052   0.04862   0.01825   0.01422
   168/299     7.35G    0.0231   0.01476  0.001654   0.03952        15       640    0.5476    0.4658    0.4351    0.2015   0.04802   0.01868   0.01377
   169/299     7.35G   0.02315   0.01411  0.001825   0.03908         3       640    0.5232     0.488    0.4357     0.194    0.0485   0.01932   0.01395
   170/299     7.35G   0.02267   0.01347   0.00199   0.03813        23       640    0.4523    0.4953    0.4001    0.1914   0.04932   0.01919    0.0132
   171/299     7.35G   0.02293   0.01437  0.001506   0.03881        18       640    0.4443    0.5176    0.4162    0.2013   0.04853    0.0187   0.01301
   172/299     7.35G   0.02137   0.01264  0.001499   0.03551        18       640     0.505    0.4937     0.422    0.2023   0.04828   0.01874   0.01318
   173/299     7.35G   0.02276   0.01331  0.001501   0.03757        23       640    0.4669    0.5631    0.4432    0.1938   0.04857   0.01873   0.01391
   174/299     7.35G   0.02156   0.01377  0.001374    0.0367        10       640    0.5133     0.492    0.4656    0.2162   0.04893   0.01812   0.01371
   175/299     7.35G   0.02194    0.0141  0.001776   0.03782        25       640    0.4751    0.5533    0.4894    0.2125   0.04891   0.01794   0.01387
   176/299     7.35G   0.02129    0.0136  0.001411   0.03631        15       640    0.5172    0.4359    0.4359    0.1999   0.04873   0.01933   0.01309
   177/299     7.35G    0.0212   0.01334  0.001466     0.036         6       640    0.5125      0.47    0.4357    0.1878   0.04931   0.01916   0.01346
   178/299     7.35G   0.02144   0.01316  0.001295    0.0359        10       640    0.5095    0.4922    0.4117    0.1987   0.04823   0.01979   0.01325
   179/299     7.35G    0.0214    0.0135   0.00134   0.03624        21       640    0.5034     0.513    0.4233     0.191   0.04904   0.01945   0.01348
   180/299     7.35G   0.02105    0.0129  0.001299   0.03525        18       640    0.5297    0.5068    0.4436    0.1948   0.04786   0.01927   0.01399
   181/299     7.35G   0.02142     0.013  0.001756   0.03618         7       640    0.5796     0.527    0.4757    0.2001   0.04779    0.0188   0.01478
   182/299     7.35G   0.02156   0.01372   0.00242   0.03771         7       640    0.4819    0.5652    0.4447    0.2044    0.0476   0.01837    0.0146
   183/299     7.35G   0.02043   0.01229  0.001113   0.03383        15       640    0.5474    0.5071     0.451    0.1991   0.04805   0.01903   0.01407
   184/299     7.35G   0.02226   0.01502  0.001773   0.03906        10       640    0.5824    0.4678    0.4514    0.1956   0.04824   0.01847   0.01492
   185/299     7.35G   0.02104   0.01287  0.001293   0.03521        14       640    0.5633    0.5028    0.4634    0.2026   0.04752   0.01806   0.01432
   186/299     7.35G   0.02056    0.0133  0.001381   0.03525        11       640    0.6278    0.4829    0.4749    0.2006   0.04719   0.01818   0.01369
   187/299     7.35G   0.02057   0.01283  0.001317   0.03471         7       640    0.5878    0.5068    0.4846    0.2037   0.04818    0.0181   0.01386
   188/299     7.35G   0.02074   0.01447  0.001354   0.03656        28       640      0.55    0.5324    0.4943     0.199   0.04883   0.01826   0.01431
   189/299     7.35G   0.02021   0.01322  0.001261    0.0347        17       640    0.5834    0.5146    0.4938    0.2103   0.04962   0.01858   0.01334
   190/299     7.35G   0.02132   0.01379  0.001388   0.03649        17       640    0.5124    0.5419    0.4673    0.2036    0.0505   0.01888   0.01341
   191/299     7.35G   0.01978   0.01228  0.001276   0.03334         5       640    0.5403    0.5426    0.4686    0.1996   0.04994   0.01936   0.01379
   192/299     7.35G   0.02051    0.0134   0.00111   0.03502         6       640    0.5495    0.5395    0.4893    0.2095   0.04925   0.01937    0.0147
   193/299     7.35G   0.01997   0.01277  0.001561    0.0343        23       640    0.5756    0.5072    0.4725    0.2054   0.04953   0.01957   0.01463
   194/299     7.35G   0.01986   0.01251  0.001269   0.03364        14       640    0.5392    0.4829    0.4602    0.2093   0.04817   0.01938    0.0146
   195/299     7.35G   0.02145   0.01361   0.00178   0.03684        16       640     0.534    0.4713    0.4493    0.2123   0.04777   0.01905   0.01553
   196/299     7.35G   0.01967   0.01267  0.001252   0.03359         9       640    0.5037    0.5125    0.4668    0.2184   0.04785   0.01902   0.01598
   197/299     7.35G   0.02091   0.01383  0.001563   0.03631        31       640    0.5525    0.5679    0.4965    0.1949   0.04873    0.0194   0.01567
   198/299     7.35G    0.0201   0.01408  0.001659   0.03584        21       640    0.5657    0.5513    0.5108    0.2027   0.04839   0.01994   0.01488
   199/299     7.35G   0.02036   0.01475   0.00143   0.03653        46       640    0.5266    0.6016     0.495    0.2064   0.04809   0.01975   0.01445
   200/299     7.35G   0.01924   0.01224  0.001458   0.03294         5       640    0.5953    0.5551    0.4871    0.2051   0.04928   0.01953   0.01375
   201/299     7.35G   0.01945   0.01258   0.00157    0.0336        13       640    0.5499    0.5628     0.465    0.1982   0.04888   0.01911   0.01386
   202/299     7.35G    0.0194   0.01197  0.001667   0.03303        13       640    0.5103    0.5993      0.51    0.2015   0.04789   0.01892   0.01516
   203/299     7.35G   0.02005   0.01261  0.001366   0.03403        21       640    0.5783    0.5524    0.4905    0.2023    0.0477   0.01843   0.01565
   204/299     7.35G   0.01931   0.01342  0.001417   0.03415        21       640    0.5537    0.5605    0.4949    0.2049   0.04742    0.0181   0.01552
   205/299     7.35G    0.0189   0.01191  0.001155   0.03196         7       640     0.539     0.578    0.4743    0.1999   0.04762    0.0187   0.01477
   206/299     7.35G   0.01938   0.01195  0.001154   0.03249        24       640    0.5604     0.578      0.49    0.2075    0.0479   0.01878   0.01501
   207/299     7.35G   0.01811   0.01183  0.001155    0.0311         2       640    0.6191     0.561     0.511    0.1947   0.04826   0.01892   0.01497
   208/299     7.35G    0.0192   0.01217  0.001288   0.03265        15       640    0.5163    0.5401    0.4543    0.1832   0.04982   0.01952   0.01554
   209/299     7.35G   0.01849   0.01209  0.001219   0.03179        12       640    0.6015    0.5506    0.5109    0.1958   0.05011   0.01956   0.01496
   210/299     7.35G   0.01907    0.0131  0.001439   0.03361        23       640    0.5692    0.5804    0.5058    0.1997    0.0497   0.01937   0.01535
   211/299     7.35G   0.01988    0.0129  0.001672   0.03444        14       640    0.5961    0.5185    0.4626    0.1919   0.05127   0.01951   0.01676
   212/299     7.35G   0.01903   0.01237  0.001351   0.03276         6       640    0.5601    0.5648    0.5098    0.2052   0.05085   0.01934   0.01639
   213/299     7.35G   0.01978   0.01312  0.001456   0.03436        19       640    0.5744    0.5508    0.4961    0.2126   0.04951   0.01956   0.01444
   214/299     7.35G   0.01823   0.01126  0.001365   0.03086         8       640    0.5877    0.5426    0.4909    0.1834   0.04921   0.02006   0.01484
   215/299     7.35G    0.0187   0.01175  0.001041   0.03149        18       640    0.5426    0.5675    0.4663    0.1929   0.04878   0.01992    0.0164
   216/299     7.35G   0.01947   0.01422  0.001308     0.035        32       640    0.5927    0.5543    0.4907    0.1875   0.04924    0.0201   0.01698
   217/299     7.35G   0.01848   0.01176  0.001345   0.03159         6       640    0.5854    0.5549    0.4887    0.1873   0.04895   0.01981   0.01592
   218/299     7.35G   0.01877   0.01344  0.001281   0.03348        18       640    0.5416    0.5537    0.4938     0.208    0.0479   0.01833   0.01539
   219/299     7.35G   0.01812   0.01255  0.001061   0.03173        40       640    0.5779    0.5489    0.4617    0.2086   0.04807   0.01915   0.01459
   220/299     7.35G   0.01821   0.01228  0.001446   0.03193        18       640    0.5924    0.5551    0.4547    0.1996   0.04826   0.01944   0.01494
   221/299     7.35G   0.01779   0.01289  0.001206   0.03188        27       640    0.5958    0.5244    0.4629    0.1987   0.04828   0.02007   0.01544
   222/299     7.35G    0.0183    0.0123  0.001213   0.03181         6       640    0.6077    0.5324    0.4693    0.1993   0.04798   0.01997   0.01569
   223/299     7.35G   0.01804   0.01144  0.001197   0.03068        23       640    0.6162    0.5641    0.5231    0.2035   0.04781    0.0196   0.01545
   224/299     7.35G   0.01887   0.01218  0.001231   0.03229        24       640    0.5979    0.5086    0.4738    0.2028   0.04972   0.01935   0.01462
   225/299     7.35G   0.01791   0.01147  0.001204   0.03058        20       640       0.6    0.5683    0.5017    0.2036   0.04939   0.01946   0.01449
   226/299     7.35G   0.01755   0.01306  0.001083   0.03169        25       640    0.5528    0.5574    0.4931    0.1964   0.04836   0.01953   0.01465
   227/299     7.35G   0.01746   0.01177 0.0009098   0.03014         5       640    0.5681    0.5648    0.4989    0.2016     0.048   0.01929   0.01463
   228/299     7.35G   0.01725   0.01105 0.0009513   0.02926        13       640    0.5152    0.5217    0.4566    0.2015   0.04834   0.01921   0.01465
   229/299     7.35G   0.01798   0.01261   0.00112    0.0317        13       640    0.4927    0.5547    0.4563    0.2065   0.04774   0.01912   0.01506
   230/299     7.35G   0.01961   0.01295  0.001365   0.03392        21       640    0.5409    0.5418    0.4921     0.199   0.04865   0.01971   0.01579
   231/299     7.35G    0.0177   0.01172   0.00112   0.03053        19       640    0.6063    0.5153    0.5019       0.2   0.04931    0.0205   0.01461
   232/299     7.35G   0.01863   0.01161   0.00105   0.03129        12       640    0.5921    0.5082    0.4687    0.2008   0.04904   0.02055   0.01428
   233/299     7.35G   0.01774   0.01154  0.001119    0.0304         2       640    0.5842      0.51     0.458    0.1999   0.04927   0.02054   0.01434
   234/299     7.35G    0.0176     0.012  0.001266   0.03087        12       640     0.577    0.5284    0.4477    0.1929   0.04908   0.02055    0.0144
   235/299     7.35G    0.0199   0.01483  0.001458   0.03618        28       640    0.5771    0.5054    0.4675    0.2027    0.0482   0.02021   0.01531
   236/299     7.35G   0.01831   0.01226  0.001173   0.03174         6       640    0.5697    0.5528    0.5191     0.217   0.04846   0.01968   0.01568
   237/299     7.35G   0.01755   0.01216  0.001118   0.03082        29       640    0.5149    0.5449    0.4925    0.2115   0.04816   0.01907   0.01619
   238/299     7.35G   0.01729   0.01245  0.001022   0.03076        28       640    0.5475    0.5484    0.5001    0.2199   0.04766   0.01923   0.01603
   239/299     7.35G   0.01814   0.01287   0.00113   0.03214        26       640    0.5607    0.5476    0.5091    0.2161   0.04771    0.0191   0.01612
   240/299     7.35G   0.01729   0.01237  0.001145   0.03081        19       640    0.5873    0.5298    0.4981     0.203   0.04837   0.02029   0.01511
   241/299     7.35G   0.01873   0.01371  0.001405   0.03384        42       640    0.5929    0.5187    0.5071    0.2136   0.04751   0.01971   0.01527
   242/299     7.35G    0.0169   0.01138 0.0009887   0.02927         8       640    0.5841    0.5032    0.4618    0.2017   0.04811   0.01996   0.01465
   243/299     7.35G   0.01736   0.01183  0.001131   0.03031        16       640    0.5203    0.4706    0.4389    0.2011    0.0481    0.0203   0.01448
   244/299     7.35G   0.01657   0.01242 0.0009999   0.02999         8       640      0.59    0.5155    0.4567    0.2001   0.04792   0.02011   0.01447
   245/299     7.35G   0.01752   0.01201  0.001281   0.03082        10       640    0.5906    0.5183    0.4779    0.2156   0.04762   0.02026    0.0151
   246/299     7.35G   0.01633   0.01148  0.000999   0.02881        15       640    0.5788    0.4939    0.4689    0.2162   0.04769   0.02039   0.01495
   247/299     7.35G   0.01744   0.01244  0.001208   0.03109        14       640    0.6393    0.5182    0.5006    0.2144   0.04781   0.02045   0.01486
   248/299     7.35G   0.01781   0.01176  0.001035   0.03061        12       640    0.5851    0.5248    0.4685    0.2012   0.04929   0.02101   0.01417
   249/299     7.35G   0.01681   0.01161  0.001086   0.02951        22       640    0.5905    0.5082    0.4572    0.2017   0.04998   0.02067   0.01398
   250/299     7.35G   0.01722    0.0116  0.001117   0.02994        31       640    0.6138    0.5328    0.4789    0.2013   0.05002   0.02074   0.01395
   251/299     7.35G   0.01687   0.01267  0.001246   0.03079        16       640    0.5996    0.5443    0.5096    0.2095   0.04914   0.02046   0.01401
   252/299     7.35G   0.01649   0.01233  0.001198   0.03002        23       640    0.5979    0.5408    0.5019    0.2096   0.04862   0.02024   0.01392
   253/299     7.35G   0.01773   0.01222  0.001375   0.03132        11       640    0.5994    0.5507    0.5185    0.2131   0.04815   0.02019   0.01412
   254/299     7.35G   0.01703   0.01146  0.001015    0.0295         9       640    0.6038    0.5515    0.5206    0.2197   0.04795   0.02014   0.01451
   255/299     7.35G   0.01773   0.01156  0.001274   0.03056         6       640    0.6103    0.5763    0.5212    0.2143   0.04833   0.02022   0.01476
   256/299     7.35G   0.01666   0.01164 0.0009495   0.02925        10       640    0.5988     0.544    0.5183    0.2163   0.04931   0.02057   0.01432
   257/299     7.35G   0.01684   0.01252 0.0009485   0.03031        25       640    0.5635    0.6047    0.5253    0.2158   0.04891    0.0203   0.01373
   258/299     7.35G   0.01711   0.01205   0.00104    0.0302        13       640    0.6393    0.5084    0.5016     0.208   0.04853   0.02036    0.0135
   259/299     7.35G   0.01825   0.01256  0.001396    0.0322        18       640    0.6113    0.5412     0.501    0.2145   0.04789   0.02032   0.01377
   260/299     7.35G   0.01769    0.0128  0.001315    0.0318        40       640    0.5758    0.5727    0.5054    0.2104    0.0478   0.02033   0.01461
   261/299     7.35G   0.01663   0.01153  0.001194   0.02935         9       640    0.6436    0.5268    0.5185    0.2272   0.04704   0.02009   0.01426
   262/299     7.35G   0.01727   0.01304  0.001191    0.0315        23       640    0.5714    0.5418    0.5096    0.2247   0.04683   0.02002   0.01414
   263/299     7.35G   0.01682    0.0115 0.0009559   0.02927        23       640    0.5705    0.5156    0.4913     0.209   0.04786   0.02048   0.01425
   264/299     7.35G    0.0176   0.01224  0.001531   0.03136        40       640    0.5793    0.5242    0.4868    0.2095   0.04873   0.02094   0.01394
   265/299     7.35G   0.01683   0.01186     0.001   0.02969        13       640    0.5679    0.5777    0.5345     0.229   0.04865   0.02085   0.01396
   266/299     7.35G   0.01771   0.01247  0.001162   0.03133        16       640    0.6175    0.5303    0.5327    0.2205   0.04967   0.02097   0.01331
   267/299     7.35G   0.01632   0.01135  0.001287   0.02896        17       640    0.5924    0.5534    0.5273    0.2109   0.05007   0.02104    0.0133
   268/299     7.35G   0.01618   0.01137  0.001319   0.02887        29       640    0.5931    0.4973    0.4921    0.2039   0.04949   0.02085   0.01362
   269/299     7.35G   0.01546   0.01127 0.0009754   0.02771         3       640    0.5847    0.5019    0.4726    0.1959   0.04921   0.02089    0.0137
   270/299     7.35G   0.01634    0.0115  0.000961    0.0288        32       640    0.5884    0.4971    0.4866    0.1949   0.04953   0.02102   0.01371
   271/299     7.35G   0.01551   0.01128 0.0009426   0.02774         3       640    0.5553    0.5164    0.4579    0.1953   0.04948   0.02098   0.01379
   272/299     7.35G   0.01687   0.01175  0.001092    0.0297         8       640    0.5452    0.5206    0.4574    0.1987   0.04932    0.0213   0.01344
   273/299     7.35G   0.01692   0.01198  0.001093      0.03        16       640    0.5236    0.5079    0.4514    0.2046   0.04863   0.02099   0.01369
   274/299     7.35G   0.01624   0.01126 0.0008924   0.02839        10       640     0.564    0.4842    0.4733    0.2043   0.04939    0.0206   0.01437
   275/299     7.35G   0.01691   0.01178  0.001021   0.02971        10       640    0.5966    0.4822     0.477     0.206    0.0497    0.0207   0.01428
   276/299     7.35G   0.01521   0.01079  0.001068   0.02706        12       640    0.6253    0.5253    0.4874    0.2126   0.05006   0.02065   0.01403
   277/299     7.35G    0.0163   0.01149   0.00107   0.02887         3       640    0.6079    0.5152    0.4756    0.2072   0.04984   0.02064   0.01411
   278/299     7.35G   0.01645   0.01155  0.001306   0.02931         6       640    0.5577    0.5068    0.4422     0.199   0.04908   0.02046     0.015
   279/299     7.35G   0.01621   0.01116  0.001122   0.02849        13       640    0.5698     0.552    0.4865    0.2031   0.04855   0.02048    0.0146
   280/299     7.35G   0.01636   0.01132  0.001109   0.02879        13       640    0.5621    0.5285    0.4864    0.2065   0.04863   0.02067   0.01433
   281/299     7.35G   0.01618   0.01151  0.001104   0.02879        26       640    0.5847    0.5196    0.4751    0.2057   0.04899   0.02044   0.01444
   282/299     7.35G   0.01683   0.01196  0.001078   0.02987        17       640    0.5967    0.5178    0.5028    0.2143   0.04936   0.02048   0.01435
   283/299     7.35G   0.01694   0.01146  0.001132   0.02953        25       640     0.545    0.5533    0.5036    0.2133   0.04946   0.02037   0.01437
   284/299     7.35G   0.01566   0.01047  0.001021   0.02714        18       640    0.5456    0.5311    0.4645     0.202   0.04975   0.02032   0.01449
   285/299     7.35G    0.0157   0.01061  0.001189    0.0275         6       640    0.5218    0.5392    0.4597    0.1998   0.04985   0.02031   0.01458
   286/299     7.35G   0.01593   0.01132  0.001077   0.02833         7       640    0.5308    0.5038    0.4235    0.1971   0.04978   0.01998   0.01488
   287/299     7.35G    0.0161   0.01141 0.0009239   0.02843         6       640    0.5601    0.5039    0.4389    0.2007   0.04952   0.02014   0.01513
   288/299     7.35G   0.01595    0.0122  0.001033   0.02918         9       640    0.6137    0.5294    0.4787    0.2094   0.04931   0.02031   0.01494
   289/299     7.35G    0.0155   0.01103  0.001108   0.02765        20       640    0.5986    0.5081    0.4515    0.2073   0.05031   0.02087   0.01418
   290/299     7.35G   0.01654   0.01118 0.0009409   0.02866         5       640    0.6271    0.4723    0.4455    0.2117    0.0496   0.02093   0.01429
   291/299     7.35G   0.01736    0.0113  0.001212   0.02987        11       640    0.5919    0.4612    0.4473    0.2205   0.04919   0.02095   0.01445
   292/299     7.35G   0.01574   0.01058  0.001031   0.02735        17       640    0.6298    0.4791    0.4653    0.2057   0.04952   0.02108   0.01453
   293/299     7.35G   0.01554    0.0112 0.0008559    0.0276        12       640    0.5876    0.4957     0.493    0.2181   0.04887   0.02074   0.01501
   294/299     7.35G   0.01539   0.01058  0.001052   0.02702         8       640    0.6257     0.494    0.4949    0.2139   0.04908   0.02053   0.01492
   295/299     7.35G   0.01571   0.01102  0.001119   0.02785        16       640    0.6104    0.4824    0.4841    0.2101   0.04925   0.02088   0.01499
   296/299     7.35G   0.01574   0.01161 0.0008874   0.02824        24       640    0.5733    0.4983    0.4561    0.1961   0.04982   0.02103   0.01519
   297/299     7.35G   0.01633   0.01157  0.000979   0.02889        10       640    0.5981    0.4953    0.4825    0.2074   0.05007   0.02105   0.01494
   298/299     7.35G   0.01604   0.01116 0.0008855   0.02809        25       640     0.619    0.4855    0.4517    0.2091   0.05101   0.02093   0.01432
   299/299     7.35G   0.01623   0.01175 0.0009315   0.02892         5       640    0.6279    0.5081    0.4778    0.2174   0.05066   0.02096   0.01438
