     0/299     1.71G   0.07147   0.01829   0.03433    0.1241        22       640  0.004672    0.0698   0.00179 0.0003812   0.09539   0.01033   0.03566
     1/299      1.5G   0.06576  0.009864   0.02366   0.09928        24       640    0.3429  0.008547  0.001495   0.00032   0.09466  0.008975   0.03203
     2/299      1.5G   0.06657  0.009628   0.02141   0.09761        25       640    0.3433    0.1358  0.004447 0.0007898    0.1093  0.007953   0.03219
     3/299      1.5G   0.06312   0.00889   0.02129    0.0933        24       640    0.3575   0.05651   0.02233  0.006131    0.1058   0.00816   0.03172
     4/299      1.5G   0.06301  0.008554   0.02097   0.09254        35       640    0.3523    0.1553   0.01144  0.002526    0.1009  0.008228   0.03254
     5/299      1.5G   0.06868  0.008351   0.02189   0.09893        20       640    0.3541    0.1406   0.01104  0.002045    0.1018  0.008515   0.03414
     6/299      1.5G   0.06419  0.008134   0.01979   0.09212        26       640    0.3504   0.02327  0.001978 0.0003826    0.1114  0.007104   0.04744
     7/299      1.5G   0.06541  0.008143    0.0211   0.09465        32       640    0.0485   0.03704   0.02516  0.003734    0.1028  0.008755   0.04833
     8/299      1.5G   0.06931  0.007651   0.02152   0.09848        26       640   0.03016   0.09497  0.005441  0.002211    0.1041   0.01004   0.03973
     9/299      1.5G   0.06259  0.008438   0.01957    0.0906        31       640    0.3491   0.06268  0.007323  0.001035    0.1044  0.007797   0.04445
    10/299      1.5G   0.06081  0.007981   0.02033   0.08912        36       640    0.3939   0.09117   0.02228  0.005011    0.1025  0.007755   0.04225
    11/299      1.5G   0.06411  0.008336   0.02081   0.09325        19       640    0.4605   0.05176   0.03558   0.01055   0.09869  0.008288   0.04155
    12/299      1.5G   0.06094  0.008431   0.01944   0.08881        37       640    0.4251   0.05413  0.009664  0.001847    0.1019  0.009834   0.03921
    13/299      1.5G   0.06394  0.009313   0.01963   0.09288        19       640   0.09553     0.104   0.05034   0.01032   0.09601  0.008347   0.03454
    14/299      1.5G   0.05968  0.008845   0.01692   0.08545        21       640    0.1187    0.1154   0.04271   0.01213   0.09428   0.00854   0.03753
    15/299      1.5G   0.05938  0.009544   0.01776   0.08669        18       640    0.4428   0.09449   0.04422   0.01178    0.1024   0.00867   0.03369
    16/299      1.5G   0.05733  0.009289   0.01745   0.08406        34       640    0.3889   0.08452   0.03631  0.006965   0.09975  0.008114   0.03464
    17/299      1.5G   0.05922  0.009276   0.01718   0.08567        30       640    0.4328   0.05736   0.03336  0.006876    0.1044  0.008419   0.03563
    18/299      1.5G   0.05782  0.009032   0.01716   0.08401        12       640   0.07935   0.07977   0.03697   0.01275    0.1005  0.008684   0.04138
    19/299      1.5G   0.05792  0.009272   0.01723   0.08442        34       640    0.1096    0.1534   0.05447   0.01769       0.1  0.008164   0.03895
    20/299      1.5G   0.06187  0.009624    0.0168   0.08829        37       640    0.5307   0.04653   0.05067   0.01217    0.1015  0.008369   0.03985
    21/299      1.5G   0.05795  0.009239   0.01641    0.0836        26       640    0.4371    0.1339   0.05782   0.01321   0.09822  0.008564   0.03687
    22/299      1.5G   0.05691  0.009605   0.01657   0.08309        35       640    0.4218    0.1349   0.04777   0.01056   0.09893  0.008278   0.03396
    23/299      1.5G   0.05726  0.009396   0.01708   0.08373        21       640    0.4169   0.09069   0.03998    0.0126   0.09951  0.008938   0.03547
    24/299      1.5G   0.05675  0.009861   0.01565   0.08226        31       640    0.3582    0.1016   0.01972  0.004801    0.1051  0.009178   0.05233
    25/299      1.5G   0.05431  0.009644   0.01494   0.07889        28       640    0.4264   0.09212   0.04489  0.009535   0.08711  0.009358   0.03709
    26/299      1.5G   0.05628   0.01022   0.01473   0.08123        38       640    0.3957     0.141   0.03829   0.00918   0.09076  0.008824   0.03612
    27/299      1.5G   0.05581    0.0102   0.01515   0.08116        41       640    0.3876   0.09307   0.03985  0.009763    0.0919  0.008846   0.03915
    28/299      1.5G   0.05289   0.00933     0.014   0.07622        21       640    0.5101    0.1311   0.07692   0.01938   0.09147  0.008924   0.03989
    29/299      1.5G   0.05428   0.01043   0.01559    0.0803        21       640    0.4958     0.125   0.08169   0.02687    0.1051  0.008333   0.03601
    30/299      1.5G   0.05535  0.009638   0.01468   0.07967        22       640    0.5829   0.07835   0.07259   0.02041    0.1088  0.008168   0.03299
    31/299      1.5G   0.05149   0.01013   0.01349   0.07511        24       640    0.5566    0.1007   0.08576   0.01985    0.1093   0.00818   0.03671
    32/299      1.5G   0.04973  0.009351   0.01317   0.07225        43       640    0.5338   0.08689   0.07486   0.02495    0.1109   0.00807   0.03853
    33/299      1.5G   0.05001  0.009628   0.01269   0.07232        19       640    0.4314    0.1442   0.06422   0.01757    0.1082  0.008329   0.03755
    34/299      1.5G   0.05186   0.01031   0.01247   0.07464        42       640     0.395   0.08594   0.03108  0.009316    0.1081  0.008387   0.04189
    35/299      1.5G   0.04925  0.009975   0.01021   0.06943        16       640    0.3736   0.05888   0.02396  0.006158    0.1116  0.008237   0.04007
    36/299      1.5G   0.04952  0.009804    0.0114   0.07072        19       640    0.4427   0.09687   0.05687   0.01341     0.114  0.008061   0.03919
    37/299      1.5G   0.05193   0.01002   0.01287   0.07482        15       640    0.4511   0.09069   0.06409   0.01567    0.1093  0.008163   0.03639
    38/299      1.5G   0.05019   0.01038   0.01289   0.07345        35       640    0.4131    0.2246   0.07874   0.02559    0.1065  0.008206   0.03501
    39/299      1.5G   0.04984  0.009886   0.01185   0.07158        27       640    0.4162    0.1433   0.07615   0.02298    0.1103  0.008043   0.03517
    40/299      1.5G   0.05254    0.0098   0.01344   0.07578        29       640    0.4033    0.1277   0.04681   0.01269    0.1096  0.008048    0.0373
    41/299      1.5G   0.05021  0.009926   0.01149   0.07163        24       640    0.4307    0.1743    0.0737   0.02205    0.1006   0.00856    0.0361
    42/299      1.5G   0.05061   0.01006   0.01263    0.0733        25       640    0.5022    0.1334   0.08879   0.02307   0.09675  0.008611    0.0336
    43/299      1.5G   0.05179   0.01059    0.0127   0.07508        36       640    0.4707   0.09687   0.05811   0.01604   0.09697  0.008838    0.0351
    44/299      1.5G   0.05263   0.01048   0.01164   0.07475        31       640    0.4138    0.1762   0.06903   0.01965    0.0986  0.008585   0.03382
    45/299      1.5G   0.04868   0.00991   0.01087   0.06946        29       640    0.4458    0.1629   0.07344   0.01713   0.09494  0.008972   0.03886
    46/299      1.5G   0.04802   0.00973   0.01071   0.06846        23       640    0.4384    0.1311   0.06236   0.01324   0.09693  0.008636   0.03961
    47/299      1.5G   0.04615  0.009901   0.01009   0.06615        20       640    0.4714    0.1263   0.07479   0.01744   0.09746   0.00892    0.0407
    48/299      1.5G   0.04722  0.009651   0.01069   0.06756        26       640    0.4163     0.206   0.06397   0.01575   0.09203  0.009003   0.03801
    49/299      1.5G   0.04605   0.01002  0.009066   0.06514        21       640    0.5114    0.1714    0.1211   0.02629   0.08842  0.009078   0.03651
    50/299      1.5G   0.04805   0.01013   0.01035   0.06853        32       640    0.5006    0.1495   0.08221   0.02125   0.09136   0.00892   0.03627
    51/299      1.5G   0.04923   0.01038   0.01097   0.07058        20       640    0.4608    0.1861    0.1141   0.03135   0.09109  0.009083   0.03773
    52/299      1.5G   0.04723   0.01005   0.01047   0.06775        35       640    0.4902    0.1201   0.07356   0.02055   0.09069  0.009276   0.03903
    53/299      1.5G   0.04754    0.0101   0.01039   0.06803        22       640    0.4655    0.1016   0.05985   0.01793   0.09432  0.009197   0.03737
    54/299      1.5G   0.04497   0.01017   0.01006    0.0652        29       640    0.5557    0.1877    0.1264   0.02811   0.09337  0.009156   0.03643
    55/299      1.5G   0.04748   0.01051  0.009122   0.06711        38       640    0.4863    0.1661   0.08874   0.02613   0.09389  0.008972   0.03827
    56/299      1.5G   0.04541  0.009727  0.009218   0.06435        30       640    0.4864    0.1102   0.06799   0.01773   0.09793  0.008634   0.03814
    57/299      1.5G   0.04631  0.009946   0.01064   0.06689        44       640    0.4604    0.1629   0.08946    0.0256   0.09412  0.008961   0.03786
    58/299      1.5G   0.04638   0.01027    0.0105   0.06715        28       640    0.4451    0.2232   0.07622   0.01862   0.08988  0.009226   0.03457
    59/299      1.5G   0.04697   0.01042  0.009823    0.0672        30       640    0.5597    0.1273    0.1025   0.02548   0.09296  0.009165   0.03782
    60/299      1.5G   0.04607   0.01072   0.01052   0.06731        37       640    0.4514    0.1808    0.0791   0.02112   0.09536  0.009098   0.03302
    61/299      1.5G   0.04804   0.01076   0.01031   0.06912        15       640    0.5167    0.1567    0.1174   0.02795   0.09565  0.009128   0.03365
    62/299      1.5G   0.04407   0.01046  0.008977   0.06351        27       640    0.4565    0.1633   0.08385   0.01681   0.09675  0.008978   0.03374
    63/299      1.5G    0.0462   0.01069  0.009568   0.06646        28       640    0.4776    0.1581   0.08462   0.02208    0.0909  0.009139   0.03293
    64/299      1.5G   0.04595   0.01079  0.009712   0.06645        24       640    0.4818    0.1543   0.07631   0.01835    0.0876  0.009277    0.0337
    65/299      1.5G   0.04563   0.01032  0.009112   0.06506        30       640    0.4812     0.114   0.07652   0.01966   0.09318  0.009026   0.03296
    66/299      1.5G   0.04433   0.01015  0.009139   0.06362        21       640    0.4844    0.1386   0.06684   0.02282   0.09859  0.008945   0.03195
    67/299      1.5G   0.04365    0.0109  0.009161   0.06371        30       640    0.4525     0.217    0.1013   0.02984   0.09792  0.008478   0.03282
    68/299      1.5G   0.04185   0.01048  0.007966    0.0603        19       640    0.4971    0.1249   0.08301   0.02251   0.09488  0.009405   0.03142
    69/299      1.5G   0.04566   0.01008  0.009328   0.06507        23       640    0.4803    0.2293    0.1031   0.02377    0.1003  0.008899   0.03215
    70/299      1.5G   0.04697   0.01094  0.009388    0.0673        26       640    0.4716    0.1776   0.08497   0.02429   0.09554  0.009178   0.03364
    71/299      1.5G   0.04479    0.0106   0.00868   0.06406        27       640    0.5431    0.1225    0.0825    0.0241    0.0954  0.009121   0.03098
    72/299      1.5G   0.04618   0.01087  0.008784   0.06584        36       640    0.5121    0.1752    0.1034   0.02815   0.09638  0.008843    0.0305
    73/299      1.5G   0.04423   0.01071  0.009002   0.06395        26       640    0.5127    0.1434    0.1006   0.02574   0.09026  0.009406   0.03395
    74/299      1.5G   0.04518   0.01071  0.008974   0.06486        30       640    0.4755    0.2403    0.1027   0.03085   0.08612  0.009446   0.03276
    75/299      1.5G   0.04532   0.01076  0.009307   0.06538        35       640    0.5416    0.1409    0.1118   0.02506   0.08438  0.009759   0.03161
    76/299      1.5G   0.04471   0.01023   0.00873   0.06367        37       640    0.4389     0.141   0.06889   0.01549   0.08583   0.01005   0.03424
    77/299      1.5G   0.04236   0.01039  0.007415   0.06016        28       640    0.5311    0.1804    0.1102   0.02826   0.08702  0.009525   0.03052
    78/299      1.5G   0.04733   0.01079  0.009497   0.06762        37       640    0.5365    0.1776    0.1133   0.03114   0.08696   0.00953   0.03487
    79/299      1.5G   0.04377    0.0108  0.009196   0.06377        19       640    0.5114    0.2144    0.1214   0.03342   0.08476   0.00988   0.03525
    80/299      1.5G   0.04398   0.01104  0.008644   0.06366        34       640    0.4399    0.1728   0.07867    0.0245   0.09162  0.009321   0.03457
    81/299      1.5G   0.04092   0.01028  0.007386   0.05858        21       640    0.4757    0.2293    0.1227   0.03671   0.09758  0.008765    0.0384
    82/299      1.5G   0.04246   0.01072  0.008317    0.0615        20       640    0.4958    0.1852    0.1155   0.03764   0.09197  0.009257   0.03315
    83/299      1.5G   0.04306   0.01041  0.007725    0.0612        28       640    0.2044     0.141   0.09919   0.02324     0.086  0.009787    0.0388
    84/299      1.5G   0.04429   0.01046  0.007218   0.06196        44       640    0.4796    0.1614   0.08868   0.02825   0.08397  0.009924   0.04018
    85/299      1.5G   0.04451   0.01108  0.007825   0.06342        30       640    0.5616    0.2127    0.1293   0.03626   0.08536  0.009738   0.04144
    86/299      1.5G   0.04433   0.01087  0.007122   0.06232        40       640    0.5049    0.2317    0.1097   0.02718   0.08468  0.009641   0.03925
    87/299      1.5G   0.04266   0.01065  0.006725   0.06003        39       640    0.1956    0.1876    0.1095   0.02981   0.08538  0.009643    0.0405
    88/299      1.5G   0.04348   0.01076  0.007872   0.06212        42       640   0.08714    0.2279   0.08379   0.02681   0.08651  0.009757   0.04211
    89/299      1.5G   0.04443   0.01074  0.008179   0.06335        19       640    0.5308    0.1728    0.1267   0.03771   0.08863  0.009179   0.03674
    90/299      1.5G   0.04224   0.01032  0.008284   0.06084        16       640    0.5538    0.1897    0.1246   0.03465   0.08705  0.009275   0.03508
    91/299      1.5G   0.04336   0.01031  0.007743   0.06141        16       640    0.4595    0.2032    0.1072    0.0338    0.0866  0.009421   0.03662
    92/299      1.5G   0.04361   0.01104  0.007354   0.06201        42       640    0.5067    0.1911    0.1037   0.03259   0.08459  0.009813   0.03316
    93/299      1.5G   0.04365   0.01072  0.006995   0.06136        20       640    0.4977    0.2293    0.1217   0.02983   0.08764  0.009523   0.03288
    94/299      1.5G   0.03844   0.01043  0.006764   0.05563        23       640    0.5467    0.1646    0.1271   0.03626   0.08706  0.009257   0.03333
    95/299      1.5G   0.04054    0.0104   0.00762   0.05856        22       640    0.4839    0.2009    0.1025    0.0262   0.08489  0.009609   0.03602
    96/299      1.5G   0.04223   0.01065  0.008255   0.06113        18       640    0.1634    0.2194    0.1062   0.03176   0.09068  0.009243   0.03785
    97/299      1.5G    0.0411     0.011  0.007074   0.05917        22       640    0.1484    0.1999    0.1049   0.03367   0.09159  0.009087   0.03466
    98/299      1.5G   0.04256   0.01039  0.007074   0.06003        26       640    0.5396    0.2132    0.1368   0.04058   0.08926  0.009184   0.03589
    99/299      1.5G   0.03928   0.01083  0.006839   0.05694        35       640    0.1675    0.1518      0.11   0.03248   0.08807  0.009608   0.03502
   100/299      1.5G   0.04028   0.01077  0.007475   0.05853        19       640    0.1108    0.2293   0.08721   0.02589   0.08715  0.009588   0.03278
   101/299      1.5G    0.0432   0.01083  0.008275    0.0623        24       640     0.505    0.1899    0.1185   0.03278   0.08811  0.009557   0.03391
   102/299      1.5G   0.04081   0.01119  0.005927   0.05794        30       640    0.5148     0.207    0.1288   0.03659   0.08549  0.009484   0.03284
   103/299      1.5G   0.04041   0.01094  0.006555   0.05791        40       640    0.4924    0.2179    0.1335   0.03717   0.08578  0.009708   0.03526
   104/299      1.5G   0.04257   0.01066  0.005947   0.05918        33       640    0.6003    0.1629    0.1369   0.03912   0.08463  0.009591   0.03381
   105/299      1.5G   0.04235    0.0109  0.008474   0.06172        16       640    0.5404    0.1543    0.1194   0.02908   0.08371  0.009738   0.03391
   106/299      1.5G   0.04019   0.01084  0.006101   0.05713        21       640    0.1397    0.2502    0.1206   0.03377   0.08082  0.009808    0.0314
   107/299      1.5G   0.04188   0.01072  0.006882   0.05949        19       640    0.5213    0.2449    0.1147   0.03778   0.08147   0.01012   0.03053
   108/299      1.5G   0.03946    0.0104  0.007269   0.05713        14       640    0.4253     0.265   0.07262   0.02125   0.08305   0.00988   0.02839
   109/299      1.5G    0.0404   0.01064  0.006849    0.0579        20       640    0.1382    0.2594    0.1031   0.02467   0.08143   0.00982   0.02997
   110/299      1.5G    0.0403   0.01072  0.006216   0.05723        42       640    0.1546    0.2446    0.1222   0.03704   0.08101    0.0099    0.0312
   111/299      1.5G   0.03902   0.01116  0.006114   0.05629        21       640    0.4893    0.1728    0.1014   0.03749    0.0802   0.01018   0.03006
   112/299      1.5G   0.04035   0.01063   0.00824   0.05923        24       640    0.4857    0.2341    0.1328   0.04109   0.08102   0.00956   0.02889
   113/299      1.5G   0.04031   0.01032  0.005943   0.05657        37       640    0.5411    0.1761    0.1122   0.03603   0.08217  0.009815   0.03042
   114/299      1.5G   0.04118   0.01108  0.006365   0.05862        24       640    0.1685    0.2358    0.1371   0.04049    0.0823  0.009814    0.0263
   115/299      1.5G   0.04156   0.01044   0.00636   0.05836        32       640     0.535    0.1372    0.1171   0.04168   0.08496  0.009594   0.02854
   116/299      1.5G    0.0423    0.0109  0.006646   0.05985        45       640    0.1824    0.2071    0.1176   0.03268   0.08589  0.009493   0.03061
   117/299      1.5G   0.04103   0.01049   0.00647   0.05798        34       640    0.1583    0.2564    0.1337   0.03643   0.07995  0.009946   0.03103
   118/299      1.5G   0.04032   0.01049  0.006545   0.05735        30       640    0.1587    0.2459    0.1323   0.03976   0.08336  0.009745   0.03003
   119/299      1.5G   0.04071   0.01057  0.005461   0.05674        25       640    0.5751    0.2123     0.142   0.03467   0.08433   0.00975   0.02931
   120/299      1.5G   0.03857   0.01022  0.006581   0.05537        25       640    0.1971    0.1999     0.128   0.03555   0.08634  0.009505   0.03212
   121/299      1.5G   0.03918   0.01033   0.00585   0.05536        21       640    0.5586    0.1847    0.1337   0.02948   0.08655  0.009723   0.02828
   122/299      1.5G   0.03866   0.01056  0.005858   0.05508        25       640    0.1797    0.2423     0.153   0.04023   0.08339   0.00989   0.03123
   123/299      1.5G   0.03931   0.01054  0.005354    0.0552        25       640    0.5285    0.1712    0.1231   0.03576   0.08371  0.009738   0.03102
   124/299      1.5G   0.04002   0.01068  0.006445   0.05715        28       640    0.5521    0.1766    0.1277   0.03554   0.08581  0.009331   0.03072
   125/299      1.5G   0.04026   0.01027  0.007664    0.0582        20       640    0.1533    0.1676    0.1192    0.0344   0.08476   0.01003   0.03201
   126/299      1.5G   0.04137   0.01067  0.005577   0.05761        35       640    0.1801     0.252    0.1449   0.04057    0.0821  0.009868   0.03107
   127/299      1.5G   0.04112   0.01047  0.005694   0.05729        25       640    0.1476    0.2759    0.1393   0.04146   0.07778   0.01006   0.03234
   128/299      1.5G   0.03988   0.01059  0.006202   0.05667        37       640    0.1895    0.1705     0.113   0.03309   0.07709   0.01009   0.03057
   129/299      1.5G    0.0378    0.0104  0.005641   0.05384        33       640    0.1771    0.1605   0.09876   0.03552    0.0767   0.01006     0.032
   130/299      1.5G   0.03954   0.01063  0.005984   0.05616        18       640    0.1437    0.1543   0.08249   0.02576    0.0782   0.01028    0.0298
   131/299      1.5G   0.03998   0.01016  0.005523   0.05567        21       640    0.5176    0.1578    0.1164   0.03812   0.08152  0.009961   0.02843
   132/299      1.5G   0.03942   0.01077  0.005412    0.0556        23       640    0.1984    0.1667    0.1223    0.0372   0.08117  0.009835   0.02996
   133/299      1.5G   0.03933   0.01091  0.005687   0.05593        37       640     0.234    0.1754    0.1405    0.0411   0.08085   0.01014   0.02942
   134/299      1.5G   0.03592   0.01025  0.004471   0.05065        35       640    0.4702    0.2017   0.09994   0.02788   0.07956   0.01024   0.02995
   135/299      1.5G   0.03847    0.0109  0.005016   0.05439        24       640     0.107    0.2217   0.08976   0.03054   0.08212    0.0102   0.03129
   136/299      1.5G   0.03779   0.01058  0.004768   0.05313        16       640    0.5154    0.2083    0.1179   0.03435   0.08234   0.01007   0.02966
   137/299      1.5G   0.03754   0.01019  0.005118   0.05285        13       640    0.5123    0.1838    0.1167   0.03448   0.08151   0.01004   0.02907
   138/299      1.5G   0.03888    0.0106  0.004752   0.05423        23       640    0.5259    0.1667     0.107   0.03811   0.08018   0.01017   0.02896
   139/299      1.5G   0.03935   0.01039  0.005916   0.05566        31       640    0.5464    0.1346    0.1009   0.03171   0.07921   0.01016   0.03012
   140/299      1.5G   0.03754   0.01052  0.005466   0.05352        33       640    0.5671    0.1519    0.1189   0.03322   0.07948   0.01027    0.0302
   141/299      1.5G   0.03764   0.01038  0.005302   0.05332        23       640    0.5554    0.1543    0.1129   0.02975   0.08165  0.009916   0.02517
   142/299      1.5G   0.03677  0.009987  0.005691   0.05245        39       640    0.4599    0.1852   0.09638   0.03158    0.0838  0.009742   0.02628
   143/299      1.5G   0.03902   0.01052  0.004922   0.05446        25       640    0.5346    0.1773    0.1222   0.03891   0.08469  0.009837   0.02764
   144/299      1.5G   0.03804   0.01037   0.00495   0.05335        20       640    0.5474    0.1951    0.1392    0.0476   0.08523  0.009539   0.02603
   145/299      1.5G   0.03938   0.01016  0.005628   0.05516        30       640    0.1514    0.1225   0.09399   0.03079    0.0829   0.01024    0.0297
   146/299      1.5G   0.03881   0.01015  0.005127   0.05409        26       640    0.1625    0.1766    0.1107   0.03417    0.0797   0.01016   0.02873
   147/299      1.5G   0.03912   0.01011  0.005019   0.05425        21       640    0.5723    0.1959    0.1515    0.0374   0.08037  0.009858   0.02715
   148/299      1.5G   0.03884   0.01047  0.005723   0.05503        24       640    0.1557    0.2099    0.0985   0.02755   0.08055   0.01017   0.02856
   149/299      1.5G   0.03938   0.01024  0.005752   0.05537        24       640    0.1384    0.2192     0.115   0.03425   0.07943   0.01025   0.02815
   150/299      1.5G   0.03659   0.01044  0.005355   0.05239        26       640    0.1505    0.2539    0.1277   0.03898   0.08156  0.009947   0.02878
   151/299      1.5G   0.03803   0.01009  0.005321   0.05344        34       640    0.1723    0.1959    0.1297   0.03522   0.08302  0.009985   0.02955
   152/299      1.5G   0.03651   0.01023  0.004939   0.05167        24       640    0.5544    0.1681    0.1239   0.03239   0.08372   0.01003   0.03053
   153/299      1.5G   0.03577  0.009712  0.004633   0.05011        27       640     0.532    0.1667     0.112   0.03439    0.0828  0.009964   0.02709
   154/299      1.5G   0.03627   0.01008   0.00494    0.0513        35       640     0.564    0.1728     0.127   0.03988   0.08026   0.01018   0.02611
   155/299      1.5G   0.03524   0.01005  0.004588   0.04988        28       640    0.2107    0.2194    0.1329   0.03837   0.07911   0.01032   0.02507
   156/299      1.5G   0.03833  0.009931  0.005528   0.05379        22       640     0.532    0.1838    0.1264   0.03827   0.08014   0.01011   0.02668
   157/299      1.5G   0.03616   0.01033  0.005355   0.05185        31       640    0.1894    0.1605    0.1147   0.03384   0.07969   0.01029    0.0291
   158/299      1.5G   0.03987    0.0101  0.006521   0.05649        27       640    0.5368    0.1372    0.1156   0.03364   0.07957   0.01031   0.02774
   159/299      1.5G   0.03688  0.009824  0.004351   0.05105        33       640    0.2201    0.1581    0.1231   0.03723   0.08054   0.01026   0.02575
   160/299      1.5G   0.03793   0.01044  0.005082   0.05344        35       640    0.1851    0.1434   0.08918   0.02572   0.08268   0.01037   0.02703
   161/299      1.5G   0.03516  0.009659   0.00437   0.04919        23       640    0.1266    0.2156    0.1138   0.03822   0.08339   0.01019   0.02703
   162/299      1.5G   0.03724   0.01007  0.005032   0.05234        29       640     0.537    0.1726    0.1231   0.03589   0.08209   0.01013   0.02786
   163/299      1.5G   0.03671   0.01022  0.004391   0.05133        38       640     0.507    0.1985    0.1111   0.03433   0.08177   0.01009   0.02824
   164/299      1.5G   0.03664  0.009859  0.005127   0.05162        19       640     0.532    0.1728    0.1217   0.03693    0.0823    0.0102   0.02914
   165/299      1.5G   0.03768  0.009906  0.005651   0.05324        35       640    0.1791    0.1766    0.1095   0.03427   0.08155   0.01026   0.02606
   166/299      1.5G   0.03449   0.01008  0.004229   0.04879        30       640    0.1737    0.1985     0.112   0.03803   0.07937   0.01026   0.02779
   167/299      1.5G   0.03625    0.0101  0.005599   0.05195        41       640    0.5269    0.1976     0.137   0.04815    0.0811  0.009996   0.02617
   168/299      1.5G   0.03601   0.01005  0.004742    0.0508        29       640    0.1444    0.2293    0.1134   0.03281   0.08083   0.01023   0.02734
   169/299      1.5G   0.03505  0.009972   0.00436   0.04938        16       640    0.4961    0.1852    0.1043   0.03667   0.08022   0.01026   0.02668
   170/299      1.5G   0.03481  0.009927  0.004022   0.04876        26       640    0.4868    0.2341    0.1241   0.04471   0.07886   0.01052   0.02649
   171/299      1.5G   0.03639  0.009893  0.003923   0.05021        38       640    0.5342    0.1667    0.1235   0.03584   0.07751   0.01072   0.02509
   172/299      1.5G   0.03498  0.009995  0.005207   0.05018        37       640    0.5064    0.2417    0.1393   0.04141    0.0792   0.01048   0.02438
   173/299      1.5G   0.03613   0.01008  0.005438   0.05165        37       640    0.5296    0.2227    0.1561   0.04877   0.07749   0.01054   0.02442
   174/299      1.5G   0.03625   0.01007  0.004607   0.05092        29       640    0.4996    0.2132    0.1285   0.03911   0.07966   0.01041   0.02739
   175/299      1.5G   0.03505  0.009521  0.004304   0.04887        28       640    0.4961    0.2123    0.1245   0.03907   0.07855   0.01033   0.02368
   176/299      1.5G    0.0367   0.01003   0.00413   0.05085        27       640    0.1427    0.2377    0.1066   0.03108    0.0781   0.01036   0.02331
   177/299      1.5G   0.03538  0.009782  0.004149   0.04931        18       640    0.1825     0.255    0.1466   0.04051   0.07873   0.01024   0.02448
   178/299      1.5G   0.03522  0.009852  0.004203   0.04927        18       640    0.1521    0.2597    0.1362   0.04971   0.07636   0.01056   0.02607
   179/299      1.5G   0.03506  0.009982  0.004189   0.04923        31       640    0.5102     0.256    0.1489   0.03628   0.07685   0.01047   0.02763
   180/299      1.5G    0.0347   0.01039  0.005181   0.05028        28       640    0.1931    0.2279    0.1329     0.036   0.07915   0.01044   0.02608
   181/299      1.5G   0.03594  0.009699  0.005051   0.05069        23       640    0.1566    0.1786   0.09885   0.02882    0.0787   0.01053   0.02668
   182/299      1.5G   0.03589   0.01023  0.004623   0.05074        28       640    0.1081    0.2217   0.07638   0.02307   0.07786   0.01064   0.02609
   183/299      1.5G   0.03447  0.009791  0.003805   0.04807        41       640    0.5087    0.2293    0.1439   0.03786    0.0764   0.01057    0.0261
   184/299      1.5G   0.03435  0.009606  0.004426   0.04838        32       640     0.163    0.2474    0.1308   0.03863   0.07612   0.01041     0.027
   185/299      1.5G   0.03547  0.009947   0.00463   0.05005        26       640    0.1643    0.2327    0.1126   0.03498   0.07869   0.01031   0.02573
   186/299      1.5G   0.03321  0.009528   0.00435   0.04709        26       640    0.1598    0.2486    0.1123   0.03636   0.07871   0.01044   0.02633
   187/299      1.5G   0.03403  0.009793  0.004689   0.04852        21       640    0.1695    0.2215    0.1242   0.03678   0.08006   0.01047   0.02513
   188/299      1.5G   0.03312  0.009575   0.00366   0.04635        32       640    0.5343    0.1869    0.1328   0.03746   0.07829   0.01059   0.02689
   189/299      1.5G   0.03431  0.009837  0.003961   0.04811        27       640    0.1492    0.3078     0.148   0.03671   0.07652   0.01054    0.0274
   190/299      1.5G    0.0369  0.009775     0.004   0.05067        39       640    0.5845    0.1806    0.1507   0.04436   0.07455    0.0105   0.02721
   191/299      1.5G   0.03486  0.009711  0.004212   0.04878        24       640    0.1782    0.2255    0.1249   0.03833   0.07545   0.01057   0.02589
   192/299      1.5G   0.03448  0.009861  0.003747   0.04809        23       640    0.1703    0.2334    0.1224   0.03651   0.07827   0.01056    0.0246
   193/299      1.5G   0.03719  0.009883  0.005291   0.05237        23       640     0.171    0.2374    0.1246    0.0342   0.07826   0.01053   0.02466
   194/299      1.5G   0.03268  0.009506  0.003564   0.04576        30       640    0.5442    0.2146    0.1277   0.03953   0.07719   0.01049   0.02396
   195/299      1.5G   0.03536   0.01025  0.004703   0.05031        40       640    0.1867    0.1999    0.1162   0.03396   0.07763   0.01054   0.02526
   196/299      1.5G    0.0364   0.01035   0.00499   0.05174        31       640    0.2024    0.2108    0.1237   0.03962   0.07903   0.01042   0.02494
   197/299      1.5G   0.03491  0.009427  0.004036   0.04837        23       640    0.2025    0.2255    0.1287   0.04024   0.07712    0.0106   0.02531
   198/299      1.5G   0.03616  0.009073  0.003643   0.04887        33       640    0.1316    0.2806    0.1209   0.04353   0.07585   0.01077   0.02487
   199/299      1.5G   0.03758  0.009703  0.004239   0.05152        29       640     0.201    0.1997    0.1292   0.03605   0.07559   0.01076   0.02459
   200/299      1.5G   0.03488  0.009454  0.003838   0.04817        28       640    0.5439    0.2208     0.136    0.0412   0.07439   0.01097   0.02537
   201/299      1.5G   0.03532  0.009432  0.004406   0.04916        22       640    0.2145     0.223     0.141   0.04118   0.07417   0.01098   0.02478
   202/299      1.5G   0.03478  0.009516  0.003938   0.04823        25       640    0.1776    0.2502    0.1443   0.04646   0.07407   0.01088    0.0257
   203/299      1.5G   0.03386  0.009472  0.003267    0.0466        29       640    0.1971    0.2352    0.1486   0.04395   0.07566   0.01073   0.02592
   204/299      1.5G   0.03427  0.009775  0.004335   0.04838        25       640    0.1904    0.2488    0.1572   0.04582   0.07785   0.01051   0.02682
   205/299      1.5G   0.03469  0.009296   0.00388   0.04787        28       640    0.1657    0.2488    0.1275   0.03868   0.07895   0.01083   0.02565
   206/299      1.5G   0.03295  0.009531  0.003336   0.04581        24       640    0.1474    0.2464    0.1162   0.03723   0.07935   0.01074   0.02612
   207/299      1.5G   0.03442  0.009858  0.003989   0.04827        43       640    0.1358    0.2464    0.1119   0.03381   0.07927   0.01093    0.0258
   208/299      1.5G   0.03248  0.009125  0.003416   0.04502        28       640    0.1564    0.2844    0.1271   0.03897   0.07838   0.01098   0.02487
   209/299      1.5G   0.03546  0.009681  0.003876   0.04901        33       640    0.1655    0.2508    0.1271   0.04354   0.07748   0.01094   0.02514
   210/299      1.5G   0.03356  0.009638  0.003865   0.04706        27       640    0.5206    0.2132    0.1158   0.04004   0.07733   0.01082   0.02593
   211/299      1.5G   0.03313  0.009567  0.003367   0.04606        21       640    0.1687    0.2403     0.114   0.03431   0.07773   0.01086    0.0268
   212/299      1.5G   0.03616   0.00973  0.003986   0.04988        34       640    0.1877    0.2167    0.1218   0.03403   0.07686   0.01079   0.02605
   213/299      1.5G   0.03368   0.00906   0.00364   0.04638        37       640     0.152    0.2232     0.112   0.03468   0.07631   0.01099   0.02493
   214/299      1.5G   0.03345  0.009902  0.003316   0.04667        19       640    0.1436    0.2365    0.1239   0.03597    0.0763   0.01102   0.02354
   215/299      1.5G   0.03313  0.009437  0.003711   0.04628        24       640    0.1695    0.2398    0.1342   0.04214   0.07553   0.01104   0.02349
   216/299      1.5G   0.03495  0.009349  0.003734   0.04803        23       640    0.1626    0.2297    0.1108   0.03493   0.07628   0.01101    0.0246
   217/299      1.5G   0.03301  0.009683  0.003655   0.04635        31       640    0.5087    0.2215    0.1172   0.03459   0.07639   0.01093   0.02527
   218/299      1.5G   0.03264  0.009622   0.00353   0.04579        24       640    0.4861    0.1766     0.103   0.02824   0.07564   0.01121   0.02521
   219/299      1.5G   0.03155    0.0094  0.002624   0.04357        18       640    0.5163    0.2023    0.1135   0.03389   0.07456    0.0111   0.02449
   220/299      1.5G   0.03415  0.009343  0.002717    0.0462        50       640    0.1482    0.2345    0.1075   0.03133   0.07526   0.01115   0.02593
   221/299      1.5G   0.03276  0.009881  0.003736   0.04638        26       640    0.1321    0.2232    0.1037   0.03487   0.07595   0.01109   0.02568
   222/299      1.5G   0.03165  0.009298  0.003621   0.04457        22       640    0.4961    0.1692   0.08705   0.02681   0.07549   0.01121   0.02523
   223/299      1.5G   0.03274  0.009439  0.002994   0.04517        26       640    0.1495    0.2023     0.103   0.03024   0.07513   0.01115   0.02419
   224/299      1.5G   0.03312  0.009779  0.003774   0.04667        32       640    0.1454    0.1812    0.1006    0.0325   0.07517   0.01115    0.0241
   225/299      1.5G   0.03416  0.009465  0.003868   0.04749        43       640    0.4874    0.1899    0.1058   0.03362   0.07594     0.011   0.02543
   226/299      1.5G   0.03129  0.009262  0.002798   0.04335        22       640      0.13    0.1961    0.1065   0.03125   0.07664   0.01112   0.02512
   227/299      1.5G   0.03348  0.009216  0.003262   0.04596        24       640    0.1512    0.1985   0.09992   0.03016   0.07763   0.01117   0.02484
   228/299      1.5G   0.03255  0.009447  0.002922   0.04492        42       640    0.1272    0.2379     0.106    0.0349     0.078   0.01088   0.02569
   229/299      1.5G   0.03362  0.009238  0.003526   0.04638        38       640    0.5153    0.2151    0.1085   0.03202   0.07905   0.01103   0.02632
   230/299      1.5G   0.03319  0.009072  0.002886   0.04515        27       640    0.5027    0.1705    0.1078   0.03448   0.08022     0.011   0.02625
   231/299      1.5G   0.03218  0.009267  0.003066   0.04451        36       640    0.1566    0.2132    0.1079   0.03025   0.08038   0.01109   0.02693
   232/299      1.5G   0.03217  0.009358  0.003505   0.04503        20       640    0.5105    0.2105    0.1239   0.03677   0.07932   0.01097   0.02758
   233/299      1.5G    0.0319   0.00902  0.003375    0.0443        21       640    0.5212    0.1852    0.1185    0.0353   0.07908   0.01086   0.02818
   234/299      1.5G   0.03219  0.009655   0.00282   0.04466        36       640    0.4953    0.1766    0.1067   0.03004   0.07896   0.01097   0.02738
   235/299      1.5G   0.03189  0.009307  0.003325   0.04452        37       640    0.1996    0.1961    0.1137   0.03006   0.07787   0.01107   0.02802
   236/299      1.5G   0.03188  0.008898  0.002832   0.04361        25       640    0.5148    0.1999    0.1107   0.03009   0.07614   0.01127   0.02796
   237/299      1.5G   0.03194  0.009147   0.00375   0.04484        27       640    0.1537    0.2194    0.1102   0.03106   0.07526   0.01115   0.02761
   238/299      1.5G   0.03177  0.009163  0.002721   0.04366        22       640    0.1612    0.2108     0.117   0.03227   0.07453   0.01125   0.02781
   239/299      1.5G   0.03153   0.00897  0.003148   0.04364        20       640    0.1374    0.2835    0.1176   0.03191   0.07352   0.01133    0.0275
   240/299      1.5G   0.03149  0.009318  0.003525   0.04434        34       640    0.1402    0.2132   0.09672   0.02915    0.0738   0.01137   0.02685
   241/299      1.5G   0.03046  0.009036  0.003613   0.04311        22       640    0.1553    0.1728   0.09423   0.02702   0.07429   0.01151   0.02665
   242/299      1.5G   0.03302  0.009055  0.003196   0.04527        15       640     0.133    0.2023   0.09779   0.02897   0.07464   0.01127   0.02723
   243/299      1.5G   0.03259  0.009017  0.003245   0.04485        28       640    0.1524    0.1643    0.1023   0.02922   0.07429   0.01158   0.02762
   244/299      1.5G   0.03102  0.009274  0.003008    0.0433        43       640    0.1334    0.1728   0.08291   0.02701   0.07408   0.01151   0.02777
   245/299      1.5G    0.0327  0.008898  0.003132   0.04473        31       640    0.1348    0.1852   0.09102   0.02635   0.07393   0.01155   0.02743
   246/299      1.5G   0.03293  0.009065  0.003931   0.04593        33       640    0.1243     0.265    0.1095   0.03194   0.07354   0.01147   0.02691
   247/299      1.5G   0.03124  0.008744  0.003101   0.04309        13       640    0.1402    0.2759    0.1216   0.03755   0.07297   0.01124   0.02632
   248/299      1.5G     0.031  0.008983  0.003217    0.0432        22       640    0.1473    0.2061    0.1092   0.03508   0.07304   0.01138   0.02664
   249/299      1.5G   0.03236  0.009021  0.004139   0.04552        19       640    0.1516     0.185    0.1075   0.03503    0.0737   0.01149   0.02675
   250/299      1.5G   0.03281  0.009054  0.004156   0.04602        38       640    0.1586    0.1852    0.1021   0.03059   0.07409   0.01148   0.02746
   251/299      1.5G   0.03164  0.009082  0.003069   0.04379        17       640     0.163    0.1852    0.1138   0.03488   0.07391   0.01154   0.02811
   252/299      1.5G   0.03162  0.008756  0.003026    0.0434        27       640    0.5135    0.1873    0.1118   0.03272   0.07394   0.01148   0.02823
   253/299      1.5G   0.03226  0.008669  0.003241   0.04417        28       640    0.5095    0.1933    0.1093   0.03383   0.07383   0.01151   0.02762
   254/299      1.5G   0.03089  0.008721  0.002517   0.04212        25       640    0.1792    0.2085    0.1129   0.03223   0.07393   0.01155    0.0267
   255/299      1.5G   0.03256  0.009345  0.003211   0.04511        22       640    0.1712    0.2206    0.1145   0.03417   0.07404   0.01152   0.02662
   256/299      1.5G   0.03257  0.009186  0.002669   0.04443        24       640    0.1738    0.2229    0.1124   0.03275   0.07428   0.01151   0.02639
   257/299      1.5G    0.0313  0.008925  0.003486   0.04371        19       640    0.1745     0.202    0.1168   0.03698   0.07399   0.01159   0.02649
   258/299      1.5G   0.03089  0.008714  0.003098    0.0427        27       640     0.181    0.2155    0.1365   0.04024   0.07363   0.01167   0.02596
   259/299      1.5G   0.03263  0.009365  0.003221   0.04521        30       640    0.5166    0.1961    0.1238   0.03735   0.07372   0.01158   0.02568
   260/299      1.5G   0.03105  0.009059  0.003234   0.04335        23       640    0.1742    0.2085     0.123   0.03942   0.07404   0.01158   0.02562
   261/299      1.5G    0.0299  0.008742  0.002561    0.0412        28       640    0.1831    0.1852    0.1169   0.03345   0.07474   0.01149   0.02591
   262/299      1.5G   0.03152  0.008855  0.002785   0.04316        28       640    0.1873     0.196    0.1232   0.03717     0.075   0.01146   0.02598
   263/299      1.5G   0.02979  0.008538  0.002431   0.04076        24       640    0.1735    0.2023    0.1182   0.03424   0.07532   0.01152   0.02553
   264/299      1.5G   0.03317  0.009145  0.004421   0.04673        34       640    0.1604    0.1961    0.1129   0.03179   0.07558   0.01155   0.02531
   265/299      1.5G   0.03133  0.009094  0.004105   0.04453        36       640    0.1579    0.1959     0.112   0.03267   0.07576   0.01157   0.02565
   266/299      1.5G   0.03286  0.009333  0.002835   0.04502        34       640    0.1603    0.2022    0.1123   0.03401   0.07554   0.01151   0.02608
   267/299      1.5G   0.03015  0.008485  0.002748   0.04138        26       640    0.1735    0.2021    0.1094   0.03222   0.07505   0.01146   0.02638
   268/299      1.5G    0.0335  0.009072  0.003577   0.04615        34       640    0.1751     0.196    0.1146   0.03527    0.0749   0.01148   0.02685
   269/299      1.5G   0.02934  0.009068  0.003319   0.04172        35       640    0.1571    0.2023    0.1129   0.03353   0.07493   0.01153   0.02689
   270/299      1.5G    0.0302  0.009452  0.003501   0.04316        28       640    0.1651    0.1814    0.1121   0.03287   0.07479   0.01156   0.02673
   271/299      1.5G   0.03234   0.00933  0.002414   0.04408        17       640     0.168    0.1876    0.1092   0.03426   0.07468   0.01171   0.02658
   272/299      1.5G   0.02995  0.008783  0.002357   0.04109        28       640    0.1788    0.1876    0.1139   0.03589   0.07475   0.01155   0.02642
   273/299      1.5G   0.03382  0.009132  0.002734   0.04569        28       640    0.5098    0.1752    0.1081   0.03602   0.07466   0.01154   0.02618
   274/299      1.5G   0.03174  0.009158  0.004314   0.04521        28       640    0.1564    0.2023    0.1109   0.03551   0.07462   0.01158   0.02619
   275/299      1.5G   0.03074  0.008835  0.002613   0.04219        43       640     0.156    0.2108    0.1105   0.03375   0.07474   0.01157   0.02648
   276/299      1.5G   0.03028  0.008669  0.003106   0.04206        33       640    0.1737    0.1937     0.112   0.03358   0.07478   0.01154    0.0268
   277/299      1.5G   0.03119  0.008945  0.002561    0.0427        21       640    0.1675    0.2108    0.1115   0.03431   0.07473   0.01158   0.02668
   278/299      1.5G   0.02991  0.008886  0.003615   0.04241        34       640    0.1655    0.1961    0.1154   0.03409   0.07463   0.01163   0.02641
   279/299      1.5G   0.03094   0.00882  0.002341    0.0421        17       640    0.1658     0.202    0.1174   0.03463   0.07452   0.01163   0.02612
   280/299      1.5G   0.03076  0.008526  0.003321   0.04261        32       640    0.1756    0.2023    0.1134   0.03507   0.07454   0.01157   0.02604
   281/299      1.5G   0.03076  0.009094  0.002414   0.04226        32       640    0.1769    0.2023    0.1134   0.03422   0.07465    0.0116   0.02594
   282/299      1.5G   0.03098  0.008799  0.003487   0.04327        29       640    0.1643    0.2021    0.1141   0.03582   0.07484   0.01157    0.0261
   283/299      1.5G   0.03045  0.009098  0.003029   0.04258        19       640     0.164    0.2023    0.1151   0.03455   0.07505   0.01149   0.02597
   284/299      1.5G   0.02973  0.008685  0.002678    0.0411        38       640    0.1558    0.2108    0.1167   0.03616   0.07496   0.01154   0.02587
   285/299      1.5G   0.02994  0.008931  0.003066   0.04194        34       640    0.1629    0.2108     0.118   0.03737   0.07489   0.01147    0.0261
   286/299      1.5G   0.02927  0.008897  0.002729    0.0409        24       640    0.1539    0.2045    0.1106   0.03392   0.07499   0.01148   0.02634
   287/299      1.5G   0.03143  0.008735  0.002638    0.0428        46       640    0.1622    0.2021    0.1149   0.03479   0.07511   0.01155   0.02627
   288/299      1.5G   0.03205   0.00911  0.003231   0.04439        25       640    0.1625    0.1875    0.1127   0.03477   0.07504   0.01154   0.02645
   289/299      1.5G   0.03025  0.008859  0.003782   0.04289        21       640    0.1634    0.1876    0.1113     0.034   0.07497   0.01162    0.0265
   290/299      1.5G   0.03144  0.008553  0.003828   0.04382        22       640    0.1635    0.2023    0.1136    0.0356   0.07491   0.01162   0.02657
   291/299      1.5G   0.03206  0.008937  0.003068   0.04406        29       640    0.1568    0.2102     0.114   0.03464   0.07488   0.01157   0.02652
   292/299      1.5G   0.02992  0.008329  0.002197   0.04045        17       640    0.1483    0.2046    0.1101   0.03474   0.07488   0.01165   0.02656
   293/299      1.5G   0.02872  0.008873  0.002264   0.03986        26       640    0.5056    0.1876    0.1149   0.03441   0.07476    0.0116   0.02648
   294/299      1.5G   0.03209  0.008892  0.004032   0.04502        33       640    0.1622    0.1937    0.1139   0.03644   0.07477   0.01169   0.02646
   295/299      1.5G   0.02869   0.00864  0.002728   0.04006        21       640    0.5046    0.1937    0.1147    0.0349   0.07484   0.01168   0.02641
   296/299      1.5G   0.03224  0.009034  0.002969   0.04424        26       640    0.5034     0.175    0.1114   0.03449   0.07496    0.0117   0.02638
   297/299      1.5G   0.02993  0.008871   0.00307   0.04187        30       640    0.5051    0.1752     0.115   0.03609   0.07508   0.01164   0.02627
   298/299      1.5G   0.03049  0.008729  0.003044   0.04226        24       640     0.501    0.1752    0.1147   0.03636   0.07515   0.01163   0.02632
   299/299      1.5G   0.03008  0.008491  0.002843   0.04141        20       640    0.4971    0.1814    0.1147   0.03735   0.07499   0.01161   0.02632
