     0/299     5.65G     0.102   0.02364   0.02067    0.1463        37       640   0.07588   0.08481   0.01498  0.003524   0.09969   0.01823   0.01796
     1/299     7.32G   0.09632   0.02368   0.02027    0.1403        23       640   0.03469   0.07143   0.01294  0.002016   0.09658   0.01759   0.01655
     2/299     7.32G   0.09074   0.02312   0.01961    0.1335         7       640   0.04167   0.08929   0.01558  0.002321   0.09095   0.01758   0.01627
     3/299     7.32G   0.08804   0.02502   0.01938    0.1324        16       640    0.1066   0.05325   0.01876  0.003866   0.08849   0.01707   0.01604
     4/299     7.32G   0.08453   0.02525   0.01847    0.1282        16       640   0.05247    0.1786   0.02841  0.006065    0.0844   0.01666   0.01536
     5/299     7.32G   0.08156    0.0254   0.01792    0.1249        20       640     0.648   0.06779   0.04516   0.01495   0.08248   0.01611   0.01459
     6/299     7.32G    0.0775   0.02538   0.01689    0.1198         8       640    0.6048    0.1429    0.0683   0.01932   0.08425    0.0153   0.01432
     7/299     7.32G   0.07676   0.02565   0.01619    0.1186        11       640     0.606   0.03571   0.02594   0.00696   0.08953   0.01495   0.01499
     8/299     7.32G   0.07535   0.02653   0.01595    0.1178        17       640    0.6734    0.2845    0.2119   0.08237   0.06949   0.01549   0.01376
     9/299     7.32G   0.07319   0.02773   0.01545    0.1164        15       640    0.3584    0.3698    0.2852       0.1   0.06659   0.01557    0.0134
    10/299     7.32G   0.07171   0.02562    0.0153    0.1126        18       640    0.2133    0.2287    0.1133   0.03427   0.07535   0.01522   0.01357
    11/299     7.32G   0.06846   0.02632    0.0142     0.109        12       640    0.3716    0.1381    0.1401   0.04349   0.07101   0.01553   0.01297
    12/299     7.32G   0.06699   0.02632    0.0143    0.1076        27       640    0.7614    0.3715    0.4158    0.1541   0.06106   0.01392   0.01186
    13/299     7.32G    0.0674   0.02311    0.0143    0.1048         7       640     0.321    0.4827    0.3908    0.1153    0.0605    0.0135     0.011
    14/299     7.32G   0.06642   0.02336   0.01395    0.1037        27       640    0.3451    0.5668    0.4291    0.1385   0.05999   0.01294   0.01042
    15/299     7.32G    0.0641   0.02297   0.01343    0.1005        14       640    0.4287    0.5624    0.4695    0.1694   0.06042   0.01246   0.01021
    16/299     7.32G    0.0629   0.02344   0.01295   0.09929        22       640    0.5934    0.5226    0.4882    0.1857   0.05791   0.01238   0.01003
    17/299     7.32G    0.0627   0.02222   0.01198   0.09691        16       640    0.4838    0.5615    0.4572    0.1367   0.06396   0.01161  0.009815
    18/299     7.33G   0.06212    0.0218   0.01152   0.09544         8       640    0.3937      0.61    0.4789    0.1775   0.06282   0.01183  0.009328
    19/299     7.33G    0.0617   0.02358   0.01054   0.09582        25       640    0.3874    0.5276    0.4285    0.1538   0.06138   0.01148  0.008978
    20/299     7.33G   0.06248   0.02125   0.01035   0.09409        21       640    0.4723    0.7281    0.4862    0.1825   0.05838   0.01151   0.00892
    21/299     7.33G   0.05978   0.02166   0.01011   0.09155        21       640    0.5812    0.6619    0.6036    0.2381   0.05982   0.01114  0.008529
    22/299     7.33G   0.05965   0.02202  0.009677   0.09135        34       640    0.4362    0.7494    0.5153    0.1995   0.05712   0.01112  0.008271
    23/299     7.33G   0.05626   0.02052  0.008688   0.08547        11       640    0.7035    0.6937    0.6854    0.2744   0.05274   0.01167  0.008613
    24/299     7.33G   0.05914   0.02098  0.008643   0.08876        10       640    0.5554    0.6636    0.5728    0.2332   0.05632   0.01145  0.008972
    25/299     7.33G    0.0576   0.02236  0.007841   0.08781         8       640    0.5213     0.735     0.604    0.2479   0.05525   0.01143  0.008924
    26/299     7.33G   0.06213   0.01986  0.007519   0.08951        23       640    0.7206    0.6131    0.6891    0.3074   0.05423   0.01216  0.009088
    27/299     7.33G   0.05501   0.02136  0.008125   0.08449        10       640    0.6333    0.7137     0.703    0.2923   0.05122   0.01259  0.008777
    28/299     7.33G    0.0565   0.02097  0.007517   0.08499        32       640    0.6126    0.7316    0.6655     0.283   0.04793   0.01241  0.008728
    29/299     7.33G   0.05989   0.02016  0.007423   0.08747        24       640    0.4265    0.7782    0.5163    0.1978   0.05379    0.0121  0.008433
    30/299     7.33G   0.05391   0.02171  0.007648   0.08327        17       640    0.6374    0.6513     0.633    0.2706   0.04994   0.01229  0.009064
    31/299     7.33G   0.05435   0.01951  0.006451   0.08031         9       640     0.549    0.8036    0.6358     0.251   0.05161   0.01146  0.008293
    32/299     7.33G   0.05342   0.01931  0.006044   0.07877         7       640    0.5879    0.6993    0.6388    0.2427   0.04871   0.01201  0.007647
    33/299     7.33G   0.05212   0.01873  0.005724   0.07657        27       640    0.7682    0.6792    0.7317     0.307   0.04974   0.01182  0.007948
    34/299     7.33G   0.05491   0.01832  0.005628   0.07885        20       640    0.7294    0.6605    0.6584    0.2599   0.05762   0.01061  0.007962
    35/299     7.33G   0.05668   0.01808  0.005752   0.08051        30       640    0.7027     0.644    0.6336    0.2701   0.05746   0.01088  0.008326
    36/299     7.33G   0.05317   0.01825  0.005791   0.07721         7       640    0.7107    0.7298    0.6623    0.2738   0.05401   0.01141  0.008505
    37/299     7.33G   0.05029   0.01869  0.005546   0.07453        15       640    0.6917    0.7924    0.7495     0.315   0.05258   0.01119  0.008141
    38/299     7.33G   0.05039   0.01833  0.004796   0.07351        13       640    0.7018    0.6613    0.6628    0.3341   0.05225   0.01151  0.008144
    39/299     7.33G   0.04807   0.01792  0.004806   0.07081        16       640     0.766    0.6704    0.6964    0.3331   0.05363   0.01103  0.007761
    40/299     7.33G   0.04978     0.018  0.004883   0.07267        10       640    0.7607    0.6614    0.7488    0.3291   0.05292   0.01117  0.007643
    41/299     7.33G    0.0439   0.01689  0.003606    0.0644        11       640    0.7168    0.7314    0.7213    0.3126   0.05289   0.01152  0.008099
    42/299     7.33G   0.04651    0.0186  0.004331   0.06943        16       640    0.7702    0.7476    0.7507    0.3188   0.04951   0.01132  0.008383
    43/299     7.33G   0.04642   0.01765  0.004664   0.06873        18       640    0.6571     0.735    0.6683    0.2919   0.04913   0.01155  0.008861
    44/299     7.33G   0.04462   0.01709  0.003904   0.06561         7       640     0.653    0.7154    0.6904    0.2748   0.04896   0.01196  0.009509
    45/299     7.33G   0.04678   0.01706  0.004078   0.06791        10       640    0.7446    0.7498    0.7229    0.2482   0.04652   0.01235  0.009178
    46/299     7.33G   0.04568   0.01818  0.004447   0.06831        25       640    0.7145    0.6779    0.6764    0.2762   0.04825   0.01114   0.00845
    47/299     7.33G   0.04197   0.01728  0.004108   0.06337        10       640    0.7073    0.7262    0.7235    0.3135   0.04734   0.01183   0.00769
    48/299     7.33G   0.04288    0.0185  0.003922    0.0653        10       640    0.7819    0.7098    0.7282    0.3147   0.04727   0.01216  0.008417
    49/299     7.33G   0.04123    0.0183  0.003922   0.06345        30       640    0.6967    0.7442    0.7234    0.3311    0.0436    0.0116  0.008627
    50/299     7.33G    0.0383   0.01712  0.003003   0.05843         7       640    0.7055    0.6959    0.6638     0.309   0.04621   0.01197  0.008773
    51/299     7.33G   0.04008   0.01576  0.003163     0.059         5       640    0.7122    0.6313    0.6664    0.2649   0.04627   0.01192  0.008626
    52/299     7.33G   0.03826   0.01744  0.003462   0.05917        20       640    0.7036    0.7137    0.6679    0.2693   0.04661   0.01157  0.008673
    53/299     7.33G   0.03942   0.01639  0.003362   0.05917         9       640    0.7055    0.7744    0.6871    0.2943   0.04648   0.01171  0.008343
    54/299     7.33G   0.03933   0.01721  0.003932   0.06047        15       640    0.7775    0.6457    0.6868    0.2888   0.04658    0.0114  0.009704
    55/299     7.33G   0.03649   0.01762  0.003645   0.05776        11       640    0.7369    0.7119    0.7041    0.2811   0.04511   0.01127  0.007976
    56/299     7.33G   0.03834   0.01699  0.003254   0.05858        18       640    0.7207    0.6633     0.666    0.2842   0.04583   0.01183  0.008473
    57/299     7.33G   0.03618   0.01716  0.002871   0.05622        10       640    0.7728    0.6976    0.6966    0.2941   0.04498   0.01212  0.008861
    58/299     7.33G   0.03729   0.01656  0.002729   0.05658        10       640    0.6663    0.7473     0.703    0.3109   0.04511   0.01264  0.009892
    59/299     7.33G   0.03798   0.01777  0.002867   0.05862        20       640    0.7515    0.6054    0.6658    0.3011   0.04344   0.01238   0.01061
    60/299     7.33G   0.03742   0.01724   0.00287   0.05753        12       640    0.7556    0.6277    0.6829    0.2939   0.04393    0.0128  0.009708
    61/299     7.33G   0.03894    0.0161  0.002949   0.05799        28       640    0.7345     0.712    0.6918    0.3064   0.04299   0.01292   0.01006
    62/299     7.33G    0.0382   0.01827  0.002446   0.05892        24       640    0.6919     0.728    0.6832    0.2817   0.04472   0.01244  0.009482
    63/299     7.33G   0.03759   0.01672  0.002734   0.05704        11       640     0.701     0.746    0.6893    0.3152   0.04245   0.01275   0.01004
    64/299     7.33G   0.03543   0.01663  0.002708   0.05477        26       640    0.8117     0.683    0.7418    0.3426   0.04363   0.01271   0.01016
    65/299     7.33G   0.03403   0.01603  0.002481   0.05254        30       640    0.6977    0.6813    0.7163    0.3505   0.04472   0.01265  0.008485
    66/299     7.33G   0.03412   0.01618  0.002578   0.05288         8       640    0.7684    0.7007    0.7432    0.3062   0.04296   0.01302  0.008509
    67/299     7.33G   0.03398    0.0162  0.002495   0.05267         5       640     0.747    0.7064    0.6998    0.2711   0.04483   0.01268  0.008827
    68/299     7.33G   0.03223    0.0162  0.002388   0.05082        15       640    0.6912     0.727    0.6799    0.2648   0.04346   0.01302  0.009194
    69/299     7.33G   0.03544   0.01589  0.002534   0.05387         9       640    0.7209    0.6959    0.6998     0.274    0.0442    0.0127  0.009969
    70/299     7.33G   0.03247   0.01672   0.00245   0.05164        17       640    0.7409    0.7301    0.6995    0.2816   0.04333   0.01313   0.01084
    71/299     7.33G   0.03152   0.01581  0.002415   0.04974        13       640    0.7538    0.6239     0.625    0.2764   0.04298   0.01383   0.01083
    72/299     7.33G   0.03234   0.01614  0.002852   0.05133        23       640    0.7397    0.6286    0.6173    0.2601   0.04412   0.01395   0.01067
    73/299     7.33G   0.03321   0.01465  0.002064   0.04993        11       640    0.7505    0.6279    0.6134    0.2415   0.04467   0.01321  0.008841
    74/299     7.33G    0.0348   0.01503  0.002312   0.05215        22       640    0.7227     0.746    0.7086    0.3144   0.04182   0.01262  0.009658
    75/299     7.33G   0.03114   0.01588  0.002332   0.04935        31       640    0.7001    0.7834    0.7264    0.3373   0.04284   0.01258  0.009661
    76/299     7.33G   0.03172   0.01571  0.002422   0.04985        41       640    0.8358    0.6779    0.7581    0.3447   0.04231   0.01244  0.008889
    77/299     7.33G   0.03192   0.01593   0.00246   0.05031        23       640    0.7639    0.7118    0.7007    0.2952   0.04379   0.01321  0.008886
    78/299     7.33G   0.03235   0.01483  0.002361   0.04953        27       640    0.7854    0.6972    0.7252    0.2788   0.04562    0.0137  0.009438
    79/299     7.33G    0.0335   0.01551  0.002527   0.05154        12       640    0.8116    0.6165    0.6973    0.2712   0.04411   0.01297  0.009399
    80/299     7.33G    0.0331    0.0152  0.002397    0.0507        25       640    0.7058    0.6105    0.6851    0.2952    0.0443    0.0128    0.0109
    81/299     7.33G   0.02909   0.01597  0.002473   0.04753         7       640    0.6348    0.6755     0.645    0.3029   0.04369   0.01289   0.01183
    82/299     7.33G   0.02941    0.0158  0.002218   0.04743        24       640    0.6712     0.701    0.6804    0.2917    0.0428   0.01283   0.01174
    83/299     7.33G   0.03043   0.01452  0.002137   0.04709        15       640    0.7167    0.6815    0.6615    0.2783    0.0437   0.01354    0.0111
    84/299     7.33G   0.02936   0.01464  0.002358   0.04635        11       640    0.7192    0.6813    0.6771    0.2881   0.04279   0.01314   0.01069
    85/299     7.33G   0.02975   0.01449  0.001655    0.0459        22       640    0.6717    0.6975    0.6866     0.259   0.04446   0.01363   0.01151
    86/299     7.33G   0.03219   0.01501   0.00225   0.04945        18       640    0.7796    0.6437    0.6872    0.2916   0.04471   0.01351   0.01218
    87/299     7.33G   0.02883   0.01508  0.002103   0.04601        10       640    0.7486     0.644     0.642    0.2812   0.04362   0.01393   0.01009
    88/299     7.33G   0.02936   0.01457  0.002097   0.04603        20       640    0.7935    0.5743    0.6632    0.2793   0.04491    0.0132   0.01081
    89/299     7.33G   0.02877   0.01613  0.002083   0.04698        34       640    0.7709    0.7101     0.698    0.2916   0.04231   0.01296     0.011
    90/299     7.33G   0.02868   0.01567  0.001941   0.04629        22       640    0.6939    0.6453    0.6243    0.2578     0.044   0.01271    0.0098
    91/299     7.33G   0.03078   0.01635  0.002365    0.0495        29       640    0.7848    0.6489    0.6596    0.2865   0.04286    0.0132   0.01142
    92/299     7.33G   0.02986   0.01622  0.002271   0.04835        19       640    0.8308    0.6441    0.6782    0.2832   0.04097   0.01294   0.01265
    93/299     7.33G   0.02982   0.01518  0.002333   0.04734        15       640    0.6941    0.6807    0.6642    0.2974   0.04261   0.01282   0.01225
    94/299     7.33G   0.02784   0.01544  0.002005   0.04528        23       640    0.7455    0.6619    0.6801    0.2976   0.04075   0.01239   0.01197
    95/299     7.33G   0.02691   0.01495  0.002275   0.04414        12       640    0.7501    0.7118    0.6639    0.2779   0.03941   0.01282   0.01085
    96/299     7.33G    0.0278   0.01554  0.001818   0.04516        26       640    0.7403     0.712    0.6655    0.2647   0.04118    0.0129   0.01184
    97/299     7.33G   0.02668   0.01455  0.001635   0.04286        14       640     0.674    0.6423    0.6273    0.2877   0.03957    0.0127   0.01337
    98/299     7.33G   0.02598   0.01492  0.001832   0.04273        23       640    0.8071    0.6345    0.6964    0.2825   0.04158   0.01317   0.01302
    99/299     7.33G   0.02786   0.01455   0.00185   0.04425        28       640    0.8131     0.576     0.659    0.2784   0.04058   0.01404   0.01232
   100/299     7.33G   0.02643   0.01508  0.001827   0.04334         7       640    0.7667    0.6296    0.6697    0.2847   0.03971   0.01375   0.01256
   101/299     7.33G   0.02794   0.01466  0.001846   0.04445         4       640    0.7687    0.6052    0.6079    0.2534   0.04188   0.01369   0.01275
   102/299     7.33G   0.02785   0.01453  0.002001   0.04438         7       640    0.8111    0.5844    0.6481    0.2876   0.04055    0.0138   0.01214
   103/299     7.33G   0.02694   0.01524  0.001993   0.04417         8       640    0.7471      0.61    0.6149    0.2695   0.04051   0.01408    0.0116
   104/299     7.33G   0.02951   0.01435  0.001734    0.0456        30       640    0.7977    0.6279    0.6752    0.2789   0.04096    0.0137   0.01089
   105/299     7.33G   0.02695   0.01503  0.001879   0.04386         9       640    0.7127    0.6686     0.666    0.2986   0.03955    0.0132   0.01163
   106/299     7.33G   0.02734   0.01491  0.002103   0.04435        21       640    0.6879    0.7069    0.6445    0.2735   0.04012   0.01385   0.01245
   107/299     7.33G   0.02958   0.01529  0.001914   0.04679        11       640    0.5994    0.7817    0.6758    0.2625   0.04155   0.01355   0.01326
   108/299     7.33G   0.02661   0.01418  0.001879   0.04267        25       640    0.6977    0.7041    0.7049    0.2842   0.03965   0.01283   0.01274
   109/299     7.33G   0.02682   0.01518  0.001566   0.04356         9       640    0.7076    0.7394    0.6755    0.2886   0.04128   0.01359   0.01355
   110/299     7.33G   0.02704   0.01423  0.001806   0.04307         7       640     0.756    0.6716    0.6716    0.2826   0.04068   0.01352   0.01293
   111/299     7.33G   0.02594   0.01484  0.001502   0.04228        19       640    0.7287     0.644    0.6416    0.2893   0.04074   0.01415   0.01289
   112/299     7.33G   0.02696   0.01485  0.001683   0.04349        11       640    0.7525    0.6125    0.6577    0.2602   0.04064   0.01353   0.01332
   113/299     7.33G   0.02626   0.01398  0.001654   0.04189        18       640    0.7781    0.5937    0.6471    0.2763   0.04043   0.01356   0.01401
   114/299     7.33G   0.02627   0.01469  0.001488   0.04244        13       640    0.7011    0.6976    0.6889    0.2828   0.04085   0.01346    0.0138
   115/299     7.33G   0.02416   0.01288  0.001466    0.0385        15       640    0.7022    0.6796    0.6677    0.2817   0.04088   0.01356   0.01396
   116/299     7.33G   0.02462   0.01406  0.002025   0.04071         7       640    0.6978    0.7332    0.6867    0.2741   0.04024   0.01427   0.01333
   117/299     7.33G    0.0238   0.01321  0.001392   0.03841        20       640    0.7206    0.7061    0.7073    0.2907   0.03993   0.01395   0.01277
   118/299     7.33G   0.02524     0.014  0.001823   0.04107        10       640    0.7011    0.7089    0.7063    0.2656   0.04054   0.01415    0.0127
   119/299     7.33G   0.02363   0.01374  0.001267   0.03863        29       640    0.7332    0.7453    0.6749    0.2827   0.04007   0.01369   0.01378
   120/299     7.33G   0.02495   0.01367  0.001481    0.0401        17       640    0.7321    0.7403    0.6744    0.2828   0.03915   0.01345   0.01324
   121/299     7.33G    0.0247   0.01438  0.001536   0.04061        19       640    0.6668    0.7673    0.6716    0.2643   0.04018   0.01375   0.01182
   122/299     7.33G    0.0244   0.01439  0.001527   0.04032        27       640    0.7224    0.7137    0.6631    0.2719    0.0388   0.01396   0.01326
   123/299     7.33G   0.02492   0.01384  0.001584   0.04035         9       640    0.7083    0.7154     0.643    0.2836   0.03806   0.01407   0.01268
   124/299     7.33G    0.0239   0.01238  0.001739   0.03802         2       640    0.7208     0.701    0.6551    0.2692    0.0387   0.01464   0.01145
   125/299     7.33G   0.02379   0.01273  0.001448   0.03797        25       640    0.7573    0.7333    0.7081    0.2943    0.0418   0.01459   0.01214
   126/299     7.33G   0.02363   0.01369  0.001385   0.03871        23       640    0.7511    0.6993    0.6752    0.2625   0.04369   0.01478   0.01008
   127/299     7.33G   0.02255   0.01337  0.001351   0.03727         8       640    0.8173    0.6793    0.6962    0.2623   0.04255   0.01449  0.009599
   128/299     7.33G    0.0243   0.01397  0.001428   0.03971        39       640     0.796    0.6974    0.7295    0.2941   0.03878   0.01412   0.01114
   129/299     7.33G    0.0232   0.01337  0.001477   0.03804        31       640    0.7433    0.7137    0.6907    0.2881   0.03936   0.01397    0.0122
   130/299     7.33G   0.02386   0.01274  0.001379   0.03798        14       640    0.7328    0.7402    0.6893    0.2856    0.0388   0.01307   0.01133
   131/299     7.33G   0.02326   0.01247  0.001273     0.037        29       640    0.6834    0.6923    0.6207    0.2731   0.03849   0.01401   0.01112
   132/299     7.33G   0.02323   0.01289  0.001744   0.03786        29       640    0.6611    0.7298    0.6413    0.2475   0.04177   0.01473  0.009122
   133/299     7.33G   0.02392   0.01317  0.001432   0.03852        13       640    0.6631    0.7328    0.6458    0.2647   0.04048   0.01438   0.01134
   134/299     7.33G   0.02362   0.01273  0.001764   0.03812        15       640    0.6773    0.7298     0.635    0.2651   0.03784   0.01345  0.009901
   135/299     7.33G   0.02243   0.01199  0.001482    0.0359         6       640    0.7062    0.7137    0.6505    0.2716   0.03857   0.01375  0.008683
   136/299     7.33G   0.02396   0.01385  0.001218   0.03903        22       640    0.7597    0.6814     0.671     0.267   0.03872    0.0139  0.009101
   137/299     7.33G   0.02239   0.01217  0.001306   0.03587         8       640    0.7456    0.7026    0.6486    0.2634   0.03897   0.01367   0.01202
   138/299     7.33G   0.02353    0.0135  0.001736   0.03877        25       640    0.7915    0.7095    0.6719    0.2613   0.03815   0.01411   0.01074
   139/299     7.33G   0.02225    0.0127  0.001673   0.03662         4       640     0.819    0.6877    0.6928    0.2586   0.03901   0.01503   0.01097
   140/299     7.33G   0.02255   0.01315  0.001493   0.03719        25       640     0.754    0.6759    0.6674    0.2525   0.04013   0.01548   0.01052
   141/299     7.33G   0.02205   0.01216  0.001096    0.0353        13       640    0.7651    0.6599    0.6635    0.2585   0.04104   0.01445   0.01123
   142/299     7.33G   0.02242   0.01297  0.001434   0.03682         6       640    0.7006    0.6756    0.6423    0.2644   0.04106    0.0142   0.01269
   143/299     7.33G    0.0221   0.01329  0.001387   0.03677        32       640    0.7089     0.644    0.6347    0.2719   0.04084   0.01469   0.01244
   144/299     7.33G   0.02259   0.01225   0.00131   0.03615        13       640    0.7974    0.6609     0.679    0.2863   0.04067   0.01419   0.01158
   145/299     7.33G   0.02249   0.01225  0.001068   0.03581        20       640    0.7941    0.6976    0.6949    0.2781   0.04081   0.01382   0.01271
   146/299     7.33G   0.02279   0.01268  0.001309   0.03678         8       640    0.6943    0.7494    0.6328    0.2534   0.03937   0.01359   0.01227
   147/299     7.33G   0.02244   0.01287  0.001063   0.03638         6       640     0.759    0.7477    0.7075    0.2447   0.04071   0.01363   0.01258
   148/299     7.33G   0.02144   0.01198  0.001146   0.03457        13       640    0.7383    0.6651    0.6559    0.2589   0.04162   0.01408  0.009246
   149/299     7.33G   0.02166   0.01178  0.001044   0.03449        11       640    0.6842    0.7735    0.7124    0.2897   0.04122   0.01457   0.01223
   150/299     7.33G    0.0211   0.01177  0.001022   0.03389        12       640    0.7203    0.6792    0.6778     0.285   0.04079    0.0143   0.01389
   151/299     7.33G     0.021   0.01275   0.00111   0.03486        12       640    0.8027    0.6976    0.7184    0.2857   0.04056   0.01476   0.01398
   152/299     7.33G   0.02215   0.01221  0.001116   0.03548        17       640     0.825    0.7014    0.7132     0.268    0.0412   0.01437   0.01524
   153/299     7.33G    0.0198   0.01173  0.001173   0.03271        10       640    0.7727    0.6474    0.6624      0.26   0.03998   0.01499   0.01466
   154/299     7.33G    0.0201   0.01284  0.001113   0.03406        10       640    0.7448    0.7446    0.6899    0.2777   0.03986   0.01405   0.01506
   155/299     7.33G   0.02039   0.01122  0.001014   0.03262        20       640    0.7548     0.712    0.6843    0.2857    0.0388   0.01387   0.01457
   156/299     7.33G   0.02151   0.01258  0.001247   0.03533        21       640    0.7541    0.7103    0.6888    0.2846    0.0383   0.01363   0.01387
   157/299     7.33G   0.02052   0.01304  0.001271   0.03483        15       640    0.6638    0.7292    0.6522    0.2653   0.03955   0.01512   0.01373
   158/299     7.33G   0.02086   0.01309  0.001112   0.03506        19       640    0.7604    0.7067      0.73    0.2831   0.03906   0.01458   0.01407
   159/299     7.33G   0.01972   0.01188  0.001217   0.03281        25       640    0.7351    0.7055    0.7147    0.2842   0.03905   0.01477   0.01372
   160/299     7.33G   0.02149    0.0124  0.001214   0.03511        21       640      0.78    0.6941    0.6917    0.2674   0.04033   0.01502   0.01343
   161/299     7.33G   0.02013   0.01327  0.001015   0.03442        26       640     0.788    0.6262    0.6667    0.2739   0.04101    0.0152   0.01273
   162/299     7.33G    0.0203    0.0118 0.0009807   0.03308        17       640    0.7754    0.7036    0.7253    0.2824    0.0402    0.0152   0.01295
   163/299     7.33G   0.02226   0.01224  0.001114   0.03562        11       640    0.7512     0.609    0.6232    0.2534   0.04154   0.01513   0.01362
   164/299     7.33G   0.01953   0.01194  0.001077   0.03255        10       640    0.7549    0.6114    0.6263    0.2411   0.04176   0.01502   0.01403
   165/299     7.33G    0.0212   0.01194   0.00122   0.03437        23       640    0.6629    0.6634    0.6157    0.2556   0.04126   0.01433   0.01379
   166/299     7.33G   0.01981   0.01239  0.001254   0.03346         5       640    0.6625     0.644    0.5957    0.2587   0.04165   0.01474   0.01347
   167/299     7.33G   0.01917   0.01125  0.001132   0.03155        27       640    0.6804    0.6262    0.6014    0.2464   0.04136   0.01469   0.01427
   168/299     7.33G    0.0191   0.01168 0.0008177    0.0316        21       640    0.7631      0.61    0.6066    0.2214   0.04138   0.01494   0.01258
   169/299     7.33G   0.01975   0.01209  0.001266   0.03311        10       640    0.6943    0.6205    0.5663     0.239   0.04031   0.01531    0.0125
   170/299     7.33G   0.01977   0.01212  0.001048   0.03293        16       640    0.7277     0.565    0.5677    0.2321   0.04231   0.01556   0.01381
   171/299     7.33G   0.01936   0.01051  0.001001   0.03087        20       640    0.6454    0.5075    0.5331    0.2036   0.04637   0.01637   0.01057
   172/299     7.33G   0.01946   0.01167  0.001021   0.03216        10       640    0.6579    0.5559    0.5612    0.1951    0.0465   0.01665   0.01072
   173/299     7.33G   0.01939    0.0111  0.001115   0.03161        22       640    0.7431    0.6262    0.6323     0.257   0.03987   0.01612   0.01429
   174/299     7.33G   0.01887   0.01118  0.003281   0.03333         2       640    0.7087    0.6583    0.6307    0.2807   0.04029   0.01488   0.01572
   175/299     7.33G   0.01876   0.01088  0.000841   0.03048        25       640    0.8423    0.6308    0.6765     0.289   0.04103   0.01439   0.01537
   176/299     7.33G   0.01976   0.01169  0.001267   0.03271        27       640    0.8199    0.6134    0.6869    0.2983      0.04    0.0141   0.01523
   177/299     7.33G   0.01836   0.01117 0.0008881   0.03042        10       640    0.7911    0.6491    0.6603    0.2804   0.04015   0.01394   0.01566
   178/299     7.33G   0.01823   0.01167  0.000993    0.0309        24       640    0.8119    0.6134    0.6871    0.2981   0.03947   0.01479   0.01633
   179/299     7.33G   0.01813   0.01196 0.0009826   0.03108        17       640    0.6923    0.6957    0.6561    0.2914    0.0409   0.01458    0.0176
   180/299     7.33G   0.01849   0.01183  0.001193   0.03151        10       640    0.6923     0.678    0.6158    0.2629    0.0417   0.01484   0.01786
   181/299     7.33G   0.02013   0.01154  0.000933    0.0326         9       640      0.68    0.6959    0.6426    0.2509   0.04059   0.01511   0.01526
   182/299     7.33G   0.01873    0.0118  0.001042   0.03157        15       640    0.6976    0.6959    0.6511    0.2733   0.03889   0.01531   0.01257
   183/299     7.33G   0.01811   0.01155  0.001326   0.03098        24       640    0.6805    0.7604    0.6895    0.2803   0.03936   0.01523   0.01059
   184/299     7.33G   0.01842   0.01082  0.001006   0.03025        16       640    0.7078    0.7365    0.6861    0.2639   0.04018   0.01545  0.009659
   185/299     7.33G   0.01931    0.0115  0.001382    0.0322        27       640    0.6595    0.7439    0.6831     0.273   0.03919   0.01621   0.01097
   186/299     7.33G   0.01706   0.01082  0.001072   0.02896        26       640    0.7666    0.6704    0.6621    0.2763   0.03976    0.0158   0.01256
   187/299     7.33G   0.01744   0.01063   0.00148   0.02956         7       640    0.7451    0.7281    0.6887    0.2599      0.04   0.01544    0.0133
   188/299     7.33G   0.01845   0.01144 0.0009704   0.03087        27       640    0.7438    0.7477    0.7272    0.2728   0.03968    0.0151   0.01285
   189/299     7.33G   0.01799   0.01066  0.001037   0.02968        41       640      0.82    0.6232    0.6825    0.2843   0.03859   0.01509   0.01177
   190/299     7.33G   0.01784   0.01104  0.001014   0.02989         9       640    0.7026    0.7118    0.7137    0.2992   0.03875   0.01543   0.01108
   191/299     7.33G   0.01741   0.01119 0.0007274   0.02933        13       640    0.7818    0.6321    0.6749    0.2918   0.03864   0.01565   0.01125
   192/299     7.33G   0.01791   0.01143 0.0009578   0.03029        17       640    0.7121    0.6619    0.6742    0.2824   0.04008   0.01554   0.01267
   193/299     7.33G   0.01661   0.01054 0.0009005   0.02805         9       640    0.7661    0.6778    0.6955    0.2657   0.04042   0.01618   0.01281
   194/299     7.33G   0.01672   0.01098 0.0007197   0.02842        24       640    0.7814    0.6618     0.672    0.2647   0.03961   0.01662   0.01161
   195/299     7.33G   0.01709   0.01147 0.0009478   0.02951         8       640     0.789    0.6617    0.6724    0.2759   0.03862   0.01631   0.01212
   196/299     7.33G   0.01659   0.01078   0.00104    0.0284        10       640    0.7763    0.6931     0.704     0.286   0.03992   0.01571   0.01204
   197/299     7.33G   0.01748   0.01016 0.0008408   0.02848        19       640    0.6471    0.7796    0.6923    0.2764    0.0397   0.01538   0.01255
   198/299     7.33G   0.01687   0.01067 0.0007656   0.02831        12       640    0.6593    0.7442    0.6775    0.2824   0.03936   0.01587   0.01235
   199/299     7.33G   0.01683   0.01042 0.0009895   0.02824        10       640      0.73     0.678    0.6773    0.2703   0.04012   0.01599   0.01344
   200/299     7.33G   0.01732  0.009928  0.001215   0.02846        28       640     0.753    0.6958    0.6887     0.267   0.04109   0.01661   0.01333
   201/299     7.33G   0.01872   0.01112 0.0008839   0.03072        13       640    0.7542    0.6958    0.6952    0.2715   0.03983   0.01661   0.01246
   202/299     7.33G   0.01671   0.01114 0.0009701   0.02882        16       640    0.8151    0.6727    0.6923    0.2903   0.03917   0.01568   0.01471
   203/299     7.33G    0.0176   0.01172  0.001439   0.03075        16       640    0.6875    0.7281    0.6554    0.2719    0.0386   0.01545   0.01516
   204/299     7.33G   0.01706   0.01165  0.000942   0.02966        31       640    0.7007    0.6601    0.6573    0.2613    0.0399   0.01603   0.01407
   205/299     7.33G   0.01677   0.01154 0.0007769   0.02908         8       640    0.7381      0.67    0.6551    0.2545     0.041   0.01623   0.01343
   206/299     7.33G   0.01691   0.01084 0.0009153   0.02867        24       640    0.6883    0.6724    0.6158    0.2468   0.03984   0.01644   0.01316
   207/299     7.33G   0.01678   0.01159  0.001071   0.02944        27       640    0.6641    0.7295    0.6402    0.2384   0.04038   0.01641   0.01314
   208/299     7.33G   0.01693   0.01142  0.001001   0.02935        21       640    0.6637    0.7281    0.6495    0.2592   0.04103   0.01644   0.01246
   209/299     7.33G   0.01638   0.01093 0.0008531   0.02816        18       640    0.6339    0.7281    0.6396    0.2526   0.04159   0.01599   0.01436
   210/299     7.33G    0.0169    0.0103 0.0007829   0.02798        23       640    0.6656    0.7277    0.6709    0.2452   0.04173   0.01625    0.0133
   211/299     7.33G   0.01705   0.01141 0.0007534   0.02921        18       640    0.6904    0.6745    0.6551    0.2536   0.04214   0.01669   0.01324
   212/299     7.33G   0.01575   0.01067 0.0007815    0.0272        16       640    0.7102    0.7281     0.687    0.2537   0.04125   0.01635   0.01134
   213/299     7.33G   0.01585  0.009467  0.000886    0.0262        18       640    0.7326     0.746    0.6815    0.2561   0.04193   0.01697   0.01119
   214/299     7.33G   0.01633   0.01044 0.0008538   0.02762        17       640    0.7174     0.746    0.6949    0.2826   0.04113   0.01722   0.01253
   215/299     7.33G   0.01629   0.01056  0.001038   0.02788         9       640    0.7125     0.746    0.6945    0.2966   0.04001   0.01698   0.01288
   216/299     7.33G    0.0156   0.01066 0.0008259   0.02709        11       640     0.753    0.7295    0.6826    0.2816   0.03932   0.01671   0.01235
   217/299     7.33G   0.01624    0.0107 0.0006799   0.02761        15       640    0.7088    0.7298    0.6645    0.2889   0.03914   0.01647   0.01182
   218/299     7.33G   0.01708    0.0109  0.001044   0.02902        28       640    0.7134    0.7459    0.6862    0.2855   0.03948   0.01648    0.0114
   219/299     7.33G   0.01629   0.01094  0.001191   0.02841        13       640    0.7215    0.7459    0.6897    0.2709   0.03998   0.01658   0.01044
   220/299     7.33G   0.01574    0.0103  0.001269   0.02731        18       640    0.7203    0.7433    0.6818    0.2712   0.04038   0.01665    0.0101
   221/299     7.33G    0.0157   0.01021 0.0008028   0.02671        23       640    0.7486    0.6548    0.6402    0.2645   0.04077   0.01706   0.01042
   222/299     7.33G   0.01561   0.01042 0.0009033   0.02694        22       640    0.7974    0.6705    0.6769    0.2724   0.04029   0.01748   0.01157
   223/299     7.33G   0.01605   0.01074 0.0008276   0.02762         8       640    0.7628    0.6763    0.6649    0.2673   0.04078   0.01803   0.01062
   224/299     7.33G   0.01611   0.01038  0.001018    0.0275        30       640    0.7573    0.6601    0.6534    0.2545   0.04133   0.01818   0.01036
   225/299     7.33G   0.01695   0.01105   0.00122   0.02922        13       640    0.7385    0.6763    0.6651     0.269   0.04142    0.0173   0.01102
   226/299     7.33G   0.01487   0.01001 0.0007785   0.02566         6       640    0.7192     0.712    0.6708    0.2729   0.04151   0.01702    0.0118
   227/299     7.33G    0.0153   0.01118 0.0008142   0.02729        31       640    0.7355    0.7067    0.6905     0.283   0.04129   0.01695    0.0119
   228/299     7.33G   0.01479   0.01067 0.0007446    0.0262         5       640    0.7788    0.6548    0.6806    0.2812   0.04159   0.01693   0.01171
   229/299     7.33G   0.01503   0.01084 0.0007485   0.02662         8       640    0.7675    0.6729    0.6605    0.2652     0.042   0.01703   0.01077
   230/299     7.33G   0.01469   0.01003 0.0005971   0.02532        12       640    0.7627     0.655    0.6474    0.2529   0.04171     0.017   0.01122
   231/299     7.33G   0.01586   0.01074 0.0007908   0.02739         6       640    0.7189    0.6897    0.6164     0.247   0.04052   0.01717   0.01188
   232/299     7.33G   0.01536   0.00984 0.0008115   0.02602        14       640    0.7578    0.6423    0.6012    0.2572   0.04041   0.01715   0.01133
   233/299     7.33G   0.01622   0.01116 0.0008927   0.02828        11       640    0.7906    0.6584    0.6411    0.2565   0.04044   0.01717   0.01135
   234/299     7.33G   0.01514  0.009975 0.0006415   0.02576         5       640    0.7359    0.6406    0.6431    0.2717    0.0415   0.01724   0.01142
   235/299     7.33G   0.01533   0.01024 0.0008073   0.02637        19       640    0.7514    0.6405    0.6594      0.27   0.04253   0.01687   0.01052
   236/299     7.33G   0.01494   0.01052  0.001034   0.02649        15       640    0.7711    0.6761    0.6711    0.2496   0.04274   0.01655   0.01007
   237/299     7.33G    0.0168   0.01139  0.001142   0.02933        26       640    0.8096    0.6244    0.6499     0.251   0.04213   0.01624   0.01075
   238/299     7.33G   0.01497   0.01008 0.0008613   0.02591        27       640    0.7321    0.6584    0.6374    0.2553    0.0411   0.01683   0.01085
   239/299     7.33G   0.01421  0.009524 0.0008766   0.02461        12       640    0.7221    0.6601    0.6403    0.2476   0.04016    0.0175   0.01178
   240/299     7.33G    0.0146  0.009512 0.0008767   0.02498        13       640    0.6885    0.7121    0.6413    0.2396   0.03989   0.01781   0.01226
   241/299     7.33G   0.01456    0.0099 0.0005195   0.02498        19       640    0.6999    0.6759    0.6463    0.2457   0.04005   0.01759   0.01284
   242/299     7.33G   0.01516  0.009863 0.0006452   0.02567         8       640    0.7125    0.6976    0.6718      0.26    0.0394   0.01686   0.01239
   243/299     7.33G    0.0157   0.01126  0.001148   0.02811        23       640    0.7343    0.6976     0.675    0.2572   0.04238    0.0167   0.01143
   244/299     7.33G   0.01389  0.009669 0.0005997   0.02416         9       640    0.7076    0.6579    0.6238    0.2553   0.04299   0.01689     0.011
   245/299     7.33G   0.01464  0.009201 0.0006416   0.02448        15       640    0.7252     0.678    0.6296     0.247   0.04213   0.01742   0.01119
   246/299     7.33G   0.01428  0.009609 0.0006163    0.0245         5       640    0.7218    0.6618    0.6283     0.245   0.04332   0.01779   0.01158
   247/299     7.33G   0.01415   0.01061 0.0007112   0.02547        15       640    0.6966    0.6248    0.6044    0.2431   0.04325   0.01766   0.01124
   248/299     7.33G   0.01471  0.009688 0.0006331   0.02504        24       640    0.7223    0.6797     0.664    0.2476   0.04211   0.01754   0.01094
   249/299     7.33G   0.01532   0.01115 0.0008582   0.02733        26       640    0.7441    0.6923    0.6286    0.2513   0.04019   0.01739   0.01193
   250/299     7.33G   0.01499  0.009687  0.000748   0.02543        27       640     0.753    0.7263    0.6698     0.268   0.03844   0.01702   0.01247
   251/299     7.33G   0.01405   0.00985 0.0005908   0.02449        15       640    0.7619    0.7281    0.6639    0.2756   0.03845   0.01661    0.0127
   252/299     7.33G   0.01426  0.009858 0.0006958   0.02481        12       640    0.7756    0.7067    0.6723    0.2726   0.03892   0.01666   0.01271
   253/299     7.33G   0.01455  0.009932 0.0007063   0.02518        14       640    0.7328    0.7117    0.6622    0.2694   0.03956   0.01702    0.0119
   254/299     7.33G   0.01471  0.009615 0.0007977   0.02513         8       640    0.7318    0.6939    0.6348     0.266   0.03951   0.01697   0.01158
   255/299     7.33G   0.01452  0.009274 0.0009764   0.02477        17       640    0.7764    0.6745     0.649    0.2673   0.03992    0.0169   0.01125
   256/299     7.33G   0.01417   0.01046 0.0008182   0.02545        10       640    0.7742    0.6745    0.6531    0.2652   0.04073   0.01695    0.0112
   257/299     7.33G   0.01408      0.01 0.0007477   0.02483         9       640    0.7569    0.6924    0.6553    0.2652   0.04154   0.01689   0.01107
   258/299     7.33G   0.01446   0.01024 0.0005883   0.02529        20       640    0.7963    0.6763    0.6657    0.2641   0.04123   0.01673   0.01056
   259/299     7.33G   0.01457   0.01086 0.0008379   0.02627        39       640     0.781    0.6636    0.6652    0.2758   0.04145    0.0168   0.01114
   260/299     7.33G   0.01433  0.009996 0.0006029   0.02492        14       640    0.7829    0.6423    0.6878    0.2822   0.04173   0.01685   0.01136
   261/299     7.33G   0.01473  0.009726 0.0006812   0.02514        13       640    0.7997    0.6601    0.7122    0.2792   0.04115   0.01702   0.01137
   262/299     7.33G   0.01402  0.009549 0.0008215   0.02439        14       640    0.8203    0.6601     0.716    0.2879   0.04118   0.01701   0.01166
   263/299     7.33G    0.0133  0.008654 0.0005554   0.02251        23       640    0.6678     0.746    0.6619    0.2825   0.04068   0.01705   0.01198
   264/299     7.33G   0.01399  0.009724 0.0006112   0.02432        25       640    0.7534    0.6727    0.6734    0.2789   0.03949   0.01684   0.01296
   265/299     7.33G   0.01484   0.01064 0.0007145   0.02619        28       640    0.7709    0.6762    0.6686    0.2747   0.03952   0.01689    0.0139
   266/299     7.33G   0.01329  0.009778 0.0005028   0.02357        42       640    0.8088     0.654    0.6747    0.2807   0.03937   0.01696   0.01377
   267/299     7.33G   0.01349   0.00962 0.0007645   0.02388        17       640    0.8285    0.6575    0.6665    0.2825   0.03971   0.01704   0.01332
   268/299     7.33G   0.01424  0.009411 0.0007466   0.02439        14       640    0.7791    0.6763    0.6712    0.2879   0.03997   0.01695   0.01231
   269/299     7.33G   0.01399  0.009476  0.000788   0.02426         6       640    0.8446    0.6601    0.6957    0.2888   0.03989   0.01691   0.01209
   270/299     7.33G   0.01432  0.009513 0.0005898   0.02443        13       640    0.7401    0.7273    0.7032    0.2879   0.03869   0.01686   0.01268
   271/299     7.33G   0.01284  0.008966 0.0007271   0.02254        15       640    0.7051    0.7281    0.6659    0.2756   0.03971   0.01694   0.01276
   272/299     7.33G   0.01381  0.009438 0.0005644   0.02381        22       640     0.702     0.721    0.6538    0.2628   0.04099   0.01727   0.01265
   273/299     7.33G   0.01303  0.008495 0.0004675   0.02199         9       640    0.7707    0.6421    0.6587    0.2591   0.04138   0.01723   0.01222
   274/299     7.33G   0.01406  0.009947 0.0006529   0.02466        25       640    0.7706    0.6423    0.6446    0.2623   0.04059   0.01721   0.01231
   275/299     7.33G   0.01386  0.009482 0.0008216   0.02416        31       640    0.7525    0.6258    0.6178     0.251   0.04157   0.01739   0.01206
   276/299     7.33G   0.01368  0.009435 0.0007033   0.02382        20       640    0.7402    0.6262    0.5938    0.2392   0.04151   0.01778   0.01242
   277/299     7.33G    0.0137  0.009309  0.000835   0.02385         9       640    0.7525    0.6262    0.6039    0.2402   0.04224   0.01798   0.01157
   278/299     7.33G   0.01391  0.009498 0.0005766   0.02398        29       640    0.7709    0.6244     0.625    0.2388   0.04191   0.01814   0.01166
   279/299     7.33G   0.01315  0.009401 0.0007627   0.02331        11       640     0.756    0.6423    0.6237    0.2459    0.0413   0.01809   0.01184
   280/299     7.33G   0.01387  0.008811 0.0006984   0.02338         9       640    0.7877     0.632    0.6433    0.2512   0.04119   0.01811   0.01229
   281/299     7.33G   0.01352   0.00942 0.0007163   0.02365        23       640    0.8214    0.6259    0.6494    0.2546   0.04146   0.01819    0.0126
   282/299     7.33G   0.01337   0.00924 0.0005899    0.0232        11       640    0.6814     0.692    0.6342    0.2576   0.04106   0.01819   0.01272
   283/299     7.33G   0.01367  0.008507 0.0007565   0.02293        11       640    0.7903    0.6262    0.6518    0.2581   0.04214   0.01783   0.01171
   284/299     7.33G   0.01298  0.009768 0.0006307   0.02338        19       640    0.7436     0.644    0.6553     0.253   0.04188    0.0178    0.0111
   285/299     7.33G   0.01474   0.01039  0.001057   0.02618        35       640    0.7262     0.644    0.6407    0.2461   0.04128   0.01822   0.01178
   286/299     7.33G   0.01352  0.009787 0.0008427   0.02415        21       640    0.7774    0.6496    0.6572    0.2546   0.04105    0.0182   0.01207
   287/299     7.33G   0.01288  0.009428 0.0005543   0.02286         9       640    0.7589    0.6763    0.6647    0.2642   0.04028   0.01752   0.01096
   288/299     7.33G   0.01354   0.01039 0.0006724    0.0246        31       640    0.7625    0.6763    0.6723    0.2684   0.04022   0.01739   0.01074
   289/299     7.33G   0.01268  0.008986 0.0005705   0.02223         6       640    0.7939    0.6601    0.6512     0.271   0.04073     0.018   0.01155
   290/299     7.33G   0.01278  0.008568 0.0005678   0.02191        18       640    0.7581    0.6789    0.6769    0.2776   0.04092   0.01785   0.01119
   291/299     7.33G   0.01414    0.0108 0.0007074   0.02565        49       640    0.7772     0.678    0.6766    0.2836   0.04067    0.0176   0.01113
   292/299     7.33G   0.01282  0.008879 0.0005883   0.02228        10       640    0.7609    0.7008    0.6918    0.2815   0.04075   0.01774   0.01117
   293/299     7.33G   0.01506   0.01062 0.0008761   0.02656        31       640    0.7782    0.6762    0.6766    0.2776   0.04051   0.01761   0.01161
   294/299     7.33G   0.01309  0.009101 0.0004354   0.02263        13       640     0.755    0.6924    0.6671    0.2679   0.04036    0.0176   0.01203
   295/299     7.33G   0.01301  0.009204 0.0005394   0.02276         6       640    0.7239    0.7085     0.662     0.261   0.04025   0.01781   0.01217
   296/299     7.33G   0.01427   0.01043 0.0008101    0.0255        18       640    0.7547    0.6816    0.6579    0.2585   0.04051   0.01782   0.01281
   297/299     7.33G    0.0136   0.01026 0.0005932   0.02445        42       640    0.7477    0.7082      0.66    0.2539   0.04093   0.01777   0.01266
   298/299     7.33G   0.01308  0.009216 0.0006098    0.0229         7       640    0.7787    0.6922    0.6645    0.2573   0.04095    0.0176   0.01239
   299/299     7.33G   0.01368  0.009254 0.0005913   0.02353        19       640    0.7498    0.6924    0.6605    0.2526   0.04101   0.01783   0.01206
